<boats01.prefab>
	<chunks>	</chunks>
	<items>
		<model>
			<resource>	sets/temperate/props/fd_boat_small.model	</resource>
			<transform>
				<row0>	-0.263394 0.154551 0.952227	</row0>
				<row1>	0.162735 -0.965818 0.201771	</row1>
				<row2>	0.950862 0.208107 0.229240	</row2>
				<row3>	63.640434 59.000122 53.946854	</row3>
			</transform>
			<reflectionVisible>	true	</reflectionVisible>
			<editorOnly>
				<castsShadow>	true	</castsShadow>
			</editorOnly>
			<prefabTransform>
				<row0>	-0.263394 0.154551 0.952227	</row0>
				<row1>	0.162735 -0.965818 0.201771	</row1>
				<row2>	0.950862 0.208107 0.229240	</row2>
				<row3>	3.277603 0.430641 -1.183701	</row3>
			</prefabTransform>
		</model>
		<model>
			<resource>	sets/temperate/props/fd_boat_small.model	</resource>
			<transform>
				<row0>	-0.264077 0.183211 0.946940	</row0>
				<row1>	-0.196171 0.951068 -0.238716	</row1>
				<row2>	-0.944340 -0.248802 -0.215213	</row2>
				<row3>	59.903168 58.326458 56.240585	</row3>
			</transform>
			<reflectionVisible>	true	</reflectionVisible>
			<editorOnly>
				<castsShadow>	true	</castsShadow>
			</editorOnly>
			<prefabTransform>
				<row0>	-0.264077 0.183211 0.946940	</row0>
				<row1>	-0.196171 0.951068 -0.238716	</row1>
				<row2>	-0.944340 -0.248802 -0.215213	</row2>
				<row3>	-0.459663 -0.243023 1.110031	</row3>
			</prefabTransform>
		</model>
		<model>
			<resource>	sets/temperate/props/fd_boat_small.model	</resource>
			<transform>
				<row0>	-0.264221 0.181298 0.947268	</row0>
				<row1>	0.400573 0.914081 -0.063215	</row1>
				<row2>	-0.877341 0.362747 -0.314142	</row2>
				<row3>	57.544884 58.381870 55.204193	</row3>
			</transform>
			<reflectionVisible>	true	</reflectionVisible>
			<editorOnly>
				<castsShadow>	true	</castsShadow>
			</editorOnly>
			<prefabTransform>
				<row0>	-0.264221 0.181298 0.947268	</row0>
				<row1>	0.400573 0.914081 -0.063215	</row1>
				<row2>	-0.877341 0.362747 -0.314142	</row2>
				<row3>	-2.817947 -0.187611 0.073639	</row3>
			</prefabTransform>
		</model>
	</items>
	<boundingBox>
		<min>	-4.467026 -1.463776 -4.098068	</min>
		<max>	5.218708 1.843845 3.952332	</max>
	</boundingBox>
	<snaps>
		<position>	0.000000 0.000000 0.000000	</position>
		<angle>	0.000000	</angle>
	</snaps>
</boats01.prefab>
