<farm_other01.prefab>
	<chunks>	</chunks>
	<items>
		<model>
			<resource>	sets/town/props/sign_skull.model	</resource>
			<transform>
				<row0>	0.809950 -0.058606 0.583552	</row0>
				<row1>	-0.023128 0.991023 0.131630	</row1>
				<row2>	-0.586032 -0.120111 0.801330	</row2>
				<row3>	41.769691 73.578369 21.455429	</row3>
			</transform>
			<editorOnly>
				<castsShadow>	true	</castsShadow>
			</editorOnly>
			<reflectionVisible>	false	</reflectionVisible>
			<prefabTransform>
				<row0>	0.809950 -0.058606 0.583552	</row0>
				<row1>	-0.023128 0.991023 0.131630	</row1>
				<row2>	-0.586032 -0.120111 0.801330	</row2>
				<row3>	15.909554 0.216179 -10.444595	</row3>
			</prefabTransform>
		</model>
		<model>
			<resource>	sets/temperate/props/fd_fence_wood01.model	</resource>
			<transform>
				<row0>	-0.997609 0.064748 0.024181	</row0>
				<row1>	0.066521 0.994444 0.081587	</row1>
				<row2>	-0.018763 0.083001 -0.996374	</row2>
				<row3>	38.042587 72.052261 21.726166	</row3>
			</transform>
			<reflectionVisible>	false	</reflectionVisible>
			<prefabTransform>
				<row0>	-0.997609 0.064748 0.024181	</row0>
				<row1>	0.066521 0.994444 0.081587	</row1>
				<row2>	-0.018763 0.083001 -0.996374	</row2>
				<row3>	12.182449 -1.309929 -10.173859	</row3>
			</prefabTransform>
		</model>
		<speedtree>
			<spt>	speedtree/shrubs_flowers/boston_fern/BostonFern_RT.spt	</spt>
			<seed>	1	</seed>
			<transform>
				<row0>	-0.301693 0.108042 0.072809	</row0>
				<row1>	0.088995 0.305024 -0.083866	</row1>
				<row2>	-0.095152 -0.057276 -0.309288	</row2>
				<row3>	35.741196 71.843735 20.527847	</row3>
			</transform>
			<reflectionVisible>	false	</reflectionVisible>
			<prefabTransform>
				<row0>	-0.301693 0.108042 0.072809	</row0>
				<row1>	0.088995 0.305024 -0.083866	</row1>
				<row2>	-0.095152 -0.057276 -0.309288	</row2>
				<row3>	9.881058 -1.518456 -11.372177	</row3>
			</prefabTransform>
		</speedtree>
		<speedtree>
			<spt>	speedtree/shrubs_flowers/cinnamon_fern/CinnamonFern_RT.spt	</spt>
			<seed>	1	</seed>
			<transform>
				<row0>	0.093749 0.028743 0.355290	</row0>
				<row1>	-0.023494 0.367073 -0.023497	</row1>
				<row2>	-0.355676 -0.016671 0.095200	</row2>
				<row3>	15.619339 71.173203 19.274506	</row3>
			</transform>
			<reflectionVisible>	false	</reflectionVisible>
			<prefabTransform>
				<row0>	0.093749 0.028743 0.355290	</row0>
				<row1>	-0.023494 0.367073 -0.023497	</row1>
				<row2>	-0.355676 -0.016671 0.095200	</row2>
				<row3>	-10.240799 -2.188988 -12.625519	</row3>
			</prefabTransform>
		</speedtree>
		<model>
			<resource>	sets/temperate/props/fd_fence_wood01.model	</resource>
			<transform>
				<row0>	-0.033953 0.204443 0.978290	</row0>
				<row1>	0.060774 0.977466 -0.202161	</row1>
				<row2>	-0.997574 0.052592 -0.045614	</row2>
				<row3>	41.380974 72.594368 24.761337	</row3>
			</transform>
			<reflectionVisible>	false	</reflectionVisible>
			<prefabTransform>
				<row0>	-0.033953 0.204443 0.978290	</row0>
				<row1>	0.060774 0.977466 -0.202161	</row1>
				<row2>	-0.997574 0.052592 -0.045614	</row2>
				<row3>	15.520836 -0.767822 -7.138687	</row3>
			</prefabTransform>
		</model>
		<model>
			<resource>	sets/temperate/props/fd_fence_wood01.model	</resource>
			<transform>
				<row0>	-0.999165 -0.004607 0.040596	</row0>
				<row1>	-0.006443 0.998957 -0.045211	</row1>
				<row2>	-0.040344 -0.045434 -0.998154	</row2>
				<row3>	32.357635 72.338692 22.138321	</row3>
			</transform>
			<reflectionVisible>	false	</reflectionVisible>
			<prefabTransform>
				<row0>	-0.999165 -0.004607 0.040596	</row0>
				<row1>	-0.006443 0.998957 -0.045211	</row1>
				<row2>	-0.040344 -0.045434 -0.998154	</row2>
				<row3>	6.497498 -1.023499 -9.761703	</row3>
			</prefabTransform>
		</model>
		<model>
			<resource>	sets/temperate/props/mushrooms/mushroom03_cluster.model	</resource>
			<transform>
				<row0>	-0.985183 -0.171508 0.000000	</row0>
				<row1>	-0.171279 0.983869 -0.051620	</row1>
				<row2>	0.008853 -0.050856 -0.998667	</row2>
				<row3>	15.757317 71.239250 20.583572	</row3>
			</transform>
			<editorOnly>
				<castsShadow>	true	</castsShadow>
			</editorOnly>
			<reflectionVisible>	false	</reflectionVisible>
			<prefabTransform>
				<row0>	-0.985183 -0.171508 0.000000	</row0>
				<row1>	-0.171279 0.983869 -0.051620	</row1>
				<row2>	0.008853 -0.050856 -0.998667	</row2>
				<row3>	-10.102821 -2.122940 -11.316452	</row3>
			</prefabTransform>
		</model>
		<model>
			<resource>	sets/temperate/props/fd_fence_wood03.model	</resource>
			<transform>
				<row0>	-1.147075 0.024357 -0.000469	</row0>
				<row1>	0.016774 0.991044 -0.132762	</row1>
				<row2>	0.004389 -0.132982 -0.991207	</row2>
				<row3>	26.633575 72.162354 21.369522	</row3>
			</transform>
			<reflectionVisible>	false	</reflectionVisible>
			<prefabTransform>
				<row0>	-1.147075 0.024357 -0.000469	</row0>
				<row1>	0.016774 0.991044 -0.132762	</row1>
				<row2>	0.004389 -0.132982 -0.991207	</row2>
				<row3>	0.773438 -1.199837 -10.530502	</row3>
			</prefabTransform>
		</model>
		<model>
			<resource>	sets/temperate/props/fd_fence_wood01.model	</resource>
			<transform>
				<row0>	-0.995149 -0.080963 0.055904	</row0>
				<row1>	-0.093546 0.954651 -0.282653	</row1>
				<row2>	-0.030484 -0.286511 -0.957593	</row2>
				<row3>	21.080132 71.781807 21.668961	</row3>
			</transform>
			<reflectionVisible>	false	</reflectionVisible>
			<prefabTransform>
				<row0>	-0.995149 -0.080963 0.055904	</row0>
				<row1>	-0.093546 0.954651 -0.282653	</row1>
				<row2>	-0.030484 -0.286511 -0.957593	</row2>
				<row3>	-4.780006 -1.580383 -10.231064	</row3>
			</prefabTransform>
		</model>
		<model>
			<resource>	sets/temperate/props/fd_fence_wood01.model	</resource>
			<transform>
				<row0>	-0.998001 -0.042519 0.046756	</row0>
				<row1>	-0.052738 0.967974 -0.245453	</row1>
				<row2>	-0.034822 -0.247428 -0.968281	</row2>
				<row3>	14.590118 71.297394 21.839554	</row3>
			</transform>
			<reflectionVisible>	false	</reflectionVisible>
			<prefabTransform>
				<row0>	-0.998001 -0.042519 0.046756	</row0>
				<row1>	-0.052738 0.967974 -0.245453	</row1>
				<row2>	-0.034822 -0.247428 -0.968281	</row2>
				<row3>	-11.270020 -2.064796 -10.060471	</row3>
			</prefabTransform>
		</model>
		<model>
			<resource>	sets/town/props/cart/model/cart.model	</resource>
			<transform>
				<row0>	-0.464983 -0.167965 -0.869238	</row0>
				<row1>	-0.052210 0.985330 -0.162469	</row1>
				<row2>	0.883777 -0.030163 -0.466933	</row2>
				<row3>	30.624870 72.742058 24.208862	</row3>
			</transform>
			<editorOnly>
				<castsShadow>	true	</castsShadow>
			</editorOnly>
			<reflectionVisible>	false	</reflectionVisible>
			<prefabTransform>
				<row0>	-0.464983 -0.167965 -0.869238	</row0>
				<row1>	-0.052210 0.985330 -0.162469	</row1>
				<row2>	0.883777 -0.030163 -0.466933	</row2>
				<row3>	4.764732 -0.620132 -7.691162	</row3>
			</prefabTransform>
		</model>
		<model>
			<resource>	sets/town/props/wheel_barrow/model/wheel_barrow_full.model	</resource>
			<transform>
				<row0>	0.689954 -0.002478 0.723847	</row0>
				<row1>	0.014545 0.999839 -0.010441	</row1>
				<row2>	-0.723705 0.017733 0.689880	</row2>
				<row3>	21.383293 72.161621 24.079666	</row3>
			</transform>
			<editorOnly>
				<castsShadow>	true	</castsShadow>
			</editorOnly>
			<reflectionVisible>	false	</reflectionVisible>
			<prefabTransform>
				<row0>	0.689954 -0.002478 0.723847	</row0>
				<row1>	0.014545 0.999839 -0.010441	</row1>
				<row2>	-0.723705 0.017733 0.689880	</row2>
				<row3>	-4.476845 -1.200569 -7.820358	</row3>
			</prefabTransform>
		</model>
		<speedtree>
			<spt>	speedtree/shrubs_flowers/elephant_ear/ElephantEar_RT.spt	</spt>
			<seed>	1	</seed>
			<transform>
				<row0>	-0.207820 0.000000 0.055685	</row0>
				<row1>	0.000000 0.215151 0.000000	</row1>
				<row2>	-0.055685 0.000000 -0.207820	</row2>
				<row3>	34.927505 72.802223 25.266907	</row3>
			</transform>
			<reflectionVisible>	false	</reflectionVisible>
			<prefabTransform>
				<row0>	-0.207820 0.000000 0.055685	</row0>
				<row1>	0.000000 0.215151 0.000000	</row1>
				<row2>	-0.055685 0.000000 -0.207820	</row2>
				<row3>	9.067368 -0.559967 -6.633118	</row3>
			</prefabTransform>
		</speedtree>
		<model>
			<resource>	sets/temperate/props/mushrooms/mushroom03_cluster.model	</resource>
			<transform>
				<row0>	-0.990233 0.139421 -0.000000	</row0>
				<row1>	0.134941 0.958410 -0.251479	</row1>
				<row2>	-0.035062 -0.249023 -0.967863	</row2>
				<row3>	42.258476 72.748085 25.662781	</row3>
			</transform>
			<editorOnly>
				<castsShadow>	true	</castsShadow>
			</editorOnly>
			<reflectionVisible>	false	</reflectionVisible>
			<prefabTransform>
				<row0>	-0.990233 0.139421 0.000000	</row0>
				<row1>	0.134941 0.958410 -0.251479	</row1>
				<row2>	-0.035062 -0.249023 -0.967863	</row2>
				<row3>	16.398338 -0.614105 -6.237244	</row3>
			</prefabTransform>
		</model>
		<model>
			<resource>	sets/town/props/barrels/model/barrel_apples.model	</resource>
			<transform>
				<row0>	-0.999996 0.000000 -0.002610	</row0>
				<row1>	0.000000 0.999999 0.000000	</row1>
				<row2>	0.002610 0.000000 -0.999996	</row2>
				<row3>	23.162445 72.259094 24.452942	</row3>
			</transform>
			<editorOnly>
				<castsShadow>	true	</castsShadow>
			</editorOnly>
			<reflectionVisible>	false	</reflectionVisible>
			<prefabTransform>
				<row0>	-0.999996 0.000000 -0.002610	</row0>
				<row1>	0.000000 0.999999 0.000000	</row1>
				<row2>	0.002610 0.000000 -0.999996	</row2>
				<row3>	-2.697693 -1.103096 -7.447083	</row3>
			</prefabTransform>
		</model>
		<speedtree>
			<spt>	speedtree/shrubs_flowers/elephant_ear/ElephantEar_RT.spt	</spt>
			<seed>	1	</seed>
			<transform>
				<row0>	0.141602 0.000000 0.123093	</row0>
				<row1>	0.000000 0.187625 0.000000	</row1>
				<row2>	-0.123093 0.000000 0.141602	</row2>
				<row3>	15.902252 71.703712 24.742508	</row3>
			</transform>
			<reflectionVisible>	false	</reflectionVisible>
			<prefabTransform>
				<row0>	0.141602 0.000000 0.123093	</row0>
				<row1>	0.000000 0.187625 0.000000	</row1>
				<row2>	-0.123093 0.000000 0.141602	</row2>
				<row3>	-9.957886 -1.658478 -7.157516	</row3>
			</prefabTransform>
		</speedtree>
		<model>
			<resource>	sets/town/props/barrels/model/barrel_cabbages.model	</resource>
			<transform>
				<row0>	-1.000000 0.000000 0.000000	</row0>
				<row1>	0.000000 1.000000 -0.000000	</row1>
				<row2>	0.000000 -0.000000 -1.000000	</row2>
				<row3>	23.793289 72.189987 24.946838	</row3>
			</transform>
			<editorOnly>
				<castsShadow>	true	</castsShadow>
			</editorOnly>
			<reflectionVisible>	false	</reflectionVisible>
			<prefabTransform>
				<row0>	-1.000000 0.000000 0.000000	</row0>
				<row1>	0.000000 1.000000 0.000000	</row1>
				<row2>	0.000000 0.000000 -1.000000	</row2>
				<row3>	-2.066849 -1.172203 -6.953186	</row3>
			</prefabTransform>
		</model>
		<model>
			<resource>	sets/town/props/barrels/model/barrel_cabbages.model	</resource>
			<transform>
				<row0>	-1.000000 0.000000 0.000000	</row0>
				<row1>	0.000000 1.000000 -0.000000	</row1>
				<row2>	0.000000 -0.000000 -1.000000	</row2>
				<row3>	21.873550 72.189987 24.834991	</row3>
			</transform>
			<editorOnly>
				<castsShadow>	true	</castsShadow>
			</editorOnly>
			<reflectionVisible>	false	</reflectionVisible>
			<prefabTransform>
				<row0>	-1.000000 0.000000 0.000000	</row0>
				<row1>	0.000000 1.000000 0.000000	</row1>
				<row2>	0.000000 0.000000 -1.000000	</row2>
				<row3>	-3.986588 -1.172203 -7.065033	</row3>
			</prefabTransform>
		</model>
		<model>
			<resource>	sets/temperate/props/fd_fence_wood01.model	</resource>
			<transform>
				<row0>	-0.007665 0.175500 0.984451	</row0>
				<row1>	-0.168793 0.970126 -0.174260	</row1>
				<row2>	-0.985624 -0.167503 0.022184	</row2>
				<row3>	10.975632 71.680695 24.822327	</row3>
			</transform>
			<reflectionVisible>	false	</reflectionVisible>
			<prefabTransform>
				<row0>	-0.007665 0.175500 0.984451	</row0>
				<row1>	-0.168793 0.970126 -0.174260	</row1>
				<row2>	-0.985624 -0.167503 0.022184	</row2>
				<row3>	-14.884506 -1.681496 -7.077698	</row3>
			</prefabTransform>
		</model>
		<model>
			<resource>	sets/temperate/props/mushrooms/mushroom03_cluster.model	</resource>
			<transform>
				<row0>	-0.990233 -0.139424 0.000000	</row0>
				<row1>	-0.137679 0.977840 -0.157714	</row1>
				<row2>	0.021989 -0.156174 -0.987485	</row2>
				<row3>	35.764168 73.200813 26.725143	</row3>
			</transform>
			<editorOnly>
				<castsShadow>	true	</castsShadow>
			</editorOnly>
			<reflectionVisible>	false	</reflectionVisible>
			<prefabTransform>
				<row0>	-0.990233 -0.139424 0.000000	</row0>
				<row1>	-0.137679 0.977840 -0.157714	</row1>
				<row2>	0.021989 -0.156174 -0.987485	</row2>
				<row3>	9.904030 -0.161377 -5.174881	</row3>
			</prefabTransform>
		</model>
		<speedtree>
			<spt>	speedtree/shrubs_flowers/elephant_ear/ElephantEar_RT.spt	</spt>
			<seed>	1	</seed>
			<transform>
				<row0>	0.013851 0.000000 -0.158317	</row0>
				<row1>	0.000000 0.158922 0.000000	</row1>
				<row2>	0.158317 0.000000 0.013851	</row2>
				<row3>	34.637314 73.209480 27.425446	</row3>
			</transform>
			<reflectionVisible>	false	</reflectionVisible>
			<prefabTransform>
				<row0>	0.013851 0.000000 -0.158317	</row0>
				<row1>	0.000000 0.158922 0.000000	</row1>
				<row2>	0.158317 0.000000 0.013851	</row2>
				<row3>	8.777176 -0.152710 -4.474579	</row3>
			</prefabTransform>
		</speedtree>
		<model>
			<resource>	sets/temperate/props/fd_fence_wood01.model	</resource>
			<transform>
				<row0>	-0.033905 0.206287 0.977905	</row0>
				<row1>	0.065265 0.976836 -0.203799	</row1>
				<row2>	-0.997292 0.056915 -0.046585	</row2>
				<row3>	41.086365 74.001038 30.966110	</row3>
			</transform>
			<reflectionVisible>	false	</reflectionVisible>
			<prefabTransform>
				<row0>	-0.033905 0.206287 0.977905	</row0>
				<row1>	0.065265 0.976836 -0.203799	</row1>
				<row2>	-0.997292 0.056915 -0.046585	</row2>
				<row3>	15.226227 0.638847 -0.933914	</row3>
			</prefabTransform>
		</model>
		<speedtree>
			<spt>	speedtree/shrubs_flowers/elephant_ear/ElephantEar_RT.spt	</spt>
			<seed>	1	</seed>
			<transform>
				<row0>	0.226034 0.000000 0.130501	</row0>
				<row1>	0.000000 0.261002 0.000000	</row1>
				<row2>	-0.130501 0.000000 0.226034	</row2>
				<row3>	15.742233 71.591522 27.500046	</row3>
			</transform>
			<reflectionVisible>	false	</reflectionVisible>
			<prefabTransform>
				<row0>	0.226034 0.000000 0.130501	</row0>
				<row1>	0.000000 0.261002 0.000000	</row1>
				<row2>	-0.130501 0.000000 0.226034	</row2>
				<row3>	-10.117905 -1.770668 -4.399979	</row3>
			</prefabTransform>
		</speedtree>
		<speedtree>
			<spt>	speedtree/shrubs_flowers/elephant_ear/ElephantEar_RT.spt	</spt>
			<seed>	1	</seed>
			<transform>
				<row0>	-0.235403 0.000000 0.037284	</row0>
				<row1>	0.000000 0.238337 0.000000	</row1>
				<row2>	-0.037284 0.000000 -0.235403	</row2>
				<row3>	29.407669 72.735466 27.918686	</row3>
			</transform>
			<reflectionVisible>	false	</reflectionVisible>
			<prefabTransform>
				<row0>	-0.235403 0.000000 0.037284	</row0>
				<row1>	0.000000 0.238337 0.000000	</row1>
				<row2>	-0.037284 0.000000 -0.235403	</row2>
				<row3>	3.547531 -0.626724 -3.981339	</row3>
			</prefabTransform>
		</speedtree>
		<speedtree>
			<spt>	speedtree/shrubs_flowers/elephant_ear/ElephantEar_RT.spt	</spt>
			<seed>	1	</seed>
			<transform>
				<row0>	0.024054 0.000000 -0.171152	</row0>
				<row1>	0.000000 0.172834 0.000000	</row1>
				<row2>	0.171152 0.000000 0.024054	</row2>
				<row3>	20.842064 71.909775 27.987778	</row3>
			</transform>
			<reflectionVisible>	false	</reflectionVisible>
			<prefabTransform>
				<row0>	0.024054 0.000000 -0.171152	</row0>
				<row1>	0.000000 0.172834 0.000000	</row1>
				<row2>	0.171152 0.000000 0.024054	</row2>
				<row3>	-5.018074 -1.452415 -3.912247	</row3>
			</prefabTransform>
		</speedtree>
		<entity>
			<editorOnly>
				<hidden>	false	</hidden>
				<frozen>	false	</frozen>
			</editorOnly>
			<guid>	785573E7.48FDCEA2.D75374A6.A8E6215B	</guid>
			<type>	Creature	</type>
			<transform>
				<row0>	0.866025 0.000000 -0.499999	</row0>
				<row1>	0.000000 1.000000 0.000000	</row1>
				<row2>	0.499999 0.000000 0.866025	</row2>
				<row3>	17.584290 72.077293 27.822495	</row3>
			</transform>
			<clientOnly>	false	</clientOnly>
			<properties>
				<creatureType>	3	</creatureType>
				<patrolPathNode>	</patrolPathNode>
			</properties>
			<backLinks>	</backLinks>
			<prefabTransform>
				<row0>	0.866025 0.000000 -0.499999	</row0>
				<row1>	0.000000 1.000000 0.000000	</row1>
				<row2>	0.499999 0.000000 0.866025	</row2>
				<row3>	-8.275848 -1.284897 -4.077530	</row3>
			</prefabTransform>
		</entity>
		<speedtree>
			<spt>	speedtree/shrubs_flowers/elephant_ear/ElephantEar_RT.spt	</spt>
			<seed>	1	</seed>
			<transform>
				<row0>	0.038751 0.000000 0.155423	</row0>
				<row1>	0.000000 0.160181 0.000000	</row1>
				<row2>	-0.155423 0.000000 0.038751	</row2>
				<row3>	34.417252 73.456680 29.648575	</row3>
			</transform>
			<reflectionVisible>	false	</reflectionVisible>
			<prefabTransform>
				<row0>	0.038751 0.000000 0.155423	</row0>
				<row1>	0.000000 0.160181 0.000000	</row1>
				<row2>	-0.155423 0.000000 0.038751	</row2>
				<row3>	8.557114 0.094490 -2.251450	</row3>
			</prefabTransform>
		</speedtree>
		<model>
			<resource>	sets/temperate/props/fd_fence_wood01.model	</resource>
			<transform>
				<row0>	0.011633 0.137879 0.990382	</row0>
				<row1>	-0.126431 0.982702 -0.135324	</row1>
				<row2>	-0.991908 -0.123640 0.028861	</row2>
				<row3>	10.846565 72.695953 31.151169	</row3>
			</transform>
			<reflectionVisible>	false	</reflectionVisible>
			<prefabTransform>
				<row0>	0.011633 0.137879 0.990382	</row0>
				<row1>	-0.126431 0.982702 -0.135324	</row1>
				<row2>	-0.991908 -0.123640 0.028861	</row2>
				<row3>	-15.013573 -0.666237 -0.748856	</row3>
			</prefabTransform>
		</model>
		<speedtree>
			<spt>	speedtree/shrubs_flowers/elephant_ear/ElephantEar_RT.spt	</spt>
			<seed>	1	</seed>
			<transform>
				<row0>	0.044875 0.000000 0.194373	</row0>
				<row1>	0.000000 0.199486 0.000000	</row1>
				<row2>	-0.194373 0.000000 0.044875	</row2>
				<row3>	15.473724 72.114967 29.702301	</row3>
			</transform>
			<reflectionVisible>	false	</reflectionVisible>
			<prefabTransform>
				<row0>	0.044875 0.000000 0.194373	</row0>
				<row1>	0.000000 0.199486 0.000000	</row1>
				<row2>	-0.194373 0.000000 0.044875	</row2>
				<row3>	-10.386414 -1.247223 -2.197723	</row3>
			</prefabTransform>
		</speedtree>
		<speedtree>
			<spt>	speedtree/shrubs_flowers/elephant_ear/ElephantEar_RT.spt	</spt>
			<seed>	1	</seed>
			<transform>
				<row0>	0.055465 0.000000 0.260940	</row0>
				<row1>	0.000000 0.266770 0.000000	</row1>
				<row2>	-0.260940 0.000000 0.055465	</row2>
				<row3>	20.743965 72.317383 31.169907	</row3>
			</transform>
			<reflectionVisible>	false	</reflectionVisible>
			<prefabTransform>
				<row0>	0.055465 0.000000 0.260940	</row0>
				<row1>	0.000000 0.266770 0.000000	</row1>
				<row2>	-0.260940 0.000000 0.055465	</row2>
				<row3>	-5.116173 -1.044807 -0.730118	</row3>
			</prefabTransform>
		</speedtree>
		<entity>
			<editorOnly>
				<hidden>	false	</hidden>
				<frozen>	false	</frozen>
			</editorOnly>
			<guid>	5291FAF4.46B2E4A1.A393F5BB.AC3EA77D	</guid>
			<type>	Creature	</type>
			<transform>
				<row0>	-0.258818 0.000000 -0.965925	</row0>
				<row1>	0.000000 1.000000 0.000000	</row1>
				<row2>	0.965925 0.000000 -0.258818	</row2>
				<row3>	20.032433 72.338638 29.958069	</row3>
			</transform>
			<clientOnly>	false	</clientOnly>
			<properties>
				<creatureType>	3	</creatureType>
				<patrolPathNode>	</patrolPathNode>
			</properties>
			<backLinks>	</backLinks>
			<prefabTransform>
				<row0>	-0.258818 0.000000 -0.965925	</row0>
				<row1>	0.000000 1.000000 0.000000	</row1>
				<row2>	0.965925 0.000000 -0.258818	</row2>
				<row3>	-5.827705 -1.023552 -1.941956	</row3>
			</prefabTransform>
		</entity>
		<entity>
			<editorOnly>
				<hidden>	false	</hidden>
				<frozen>	false	</frozen>
			</editorOnly>
			<guid>	11C5264A.4B3E6F86.5F03E18D.18AF9EB5	</guid>
			<type>	Creature	</type>
			<transform>
				<row0>	0.965925 0.000000 0.258819	</row0>
				<row1>	0.000000 1.000000 0.000000	</row1>
				<row2>	-0.258819 0.000000 0.965925	</row2>
				<row3>	16.711563 72.535675 29.979019	</row3>
			</transform>
			<clientOnly>	false	</clientOnly>
			<properties>
				<creatureType>	3	</creatureType>
				<patrolPathNode>	</patrolPathNode>
			</properties>
			<backLinks>	</backLinks>
			<prefabTransform>
				<row0>	0.965925 0.000000 0.258819	</row0>
				<row1>	0.000000 1.000000 0.000000	</row1>
				<row2>	-0.258819 0.000000 0.965925	</row2>
				<row3>	-9.148575 -0.826515 -1.921005	</row3>
			</prefabTransform>
		</entity>
		<entity>
			<editorOnly>
				<hidden>	false	</hidden>
				<frozen>	false	</frozen>
			</editorOnly>
			<guid>	3DD010FC.4D96DD0F.571D89A4.C125E235	</guid>
			<type>	Creature	</type>
			<transform>
				<row0>	0.866025 0.000000 -0.499999	</row0>
				<row1>	0.000000 1.000000 0.000000	</row1>
				<row2>	0.499999 0.000000 0.866025	</row2>
				<row3>	31.426369 73.633690 30.585144	</row3>
			</transform>
			<clientOnly>	false	</clientOnly>
			<properties>
				<creatureType>	3	</creatureType>
				<patrolPathNode>	</patrolPathNode>
			</properties>
			<backLinks>	</backLinks>
			<prefabTransform>
				<row0>	0.866025 0.000000 -0.499999	</row0>
				<row1>	0.000000 1.000000 0.000000	</row1>
				<row2>	0.499999 0.000000 0.866025	</row2>
				<row3>	5.566231 0.271500 -1.314880	</row3>
			</prefabTransform>
		</entity>
		<speedtree>
			<spt>	speedtree/shrubs_flowers/elephant_ear/ElephantEar_RT.spt	</spt>
			<seed>	1	</seed>
			<transform>
				<row0>	0.229711 0.000000 0.107116	</row0>
				<row1>	0.000000 0.253458 0.000000	</row1>
				<row2>	-0.107116 0.000000 0.229711	</row2>
				<row3>	29.185776 73.237526 31.961151	</row3>
			</transform>
			<reflectionVisible>	false	</reflectionVisible>
			<prefabTransform>
				<row0>	0.229711 0.000000 0.107116	</row0>
				<row1>	0.000000 0.253458 0.000000	</row1>
				<row2>	-0.107116 0.000000 0.229711	</row2>
				<row3>	3.325638 -0.124664 0.061127	</row3>
			</prefabTransform>
		</speedtree>
		<speedtree>
			<spt>	speedtree/shrubs_flowers/elephant_ear/ElephantEar_RT.spt	</spt>
			<seed>	1	</seed>
			<transform>
				<row0>	0.029274 0.000000 0.208293	</row0>
				<row1>	0.000000 0.210340 0.000000	</row1>
				<row2>	-0.208293 0.000000 0.029274	</row2>
				<row3>	34.721214 73.940948 32.247528	</row3>
			</transform>
			<reflectionVisible>	false	</reflectionVisible>
			<prefabTransform>
				<row0>	0.029274 0.000000 0.208293	</row0>
				<row1>	0.000000 0.210340 0.000000	</row1>
				<row2>	-0.208293 0.000000 0.029274	</row2>
				<row3>	8.861076 0.578758 0.347504	</row3>
			</prefabTransform>
		</speedtree>
		<entity>
			<editorOnly>
				<hidden>	false	</hidden>
				<frozen>	false	</frozen>
			</editorOnly>
			<guid>	6D3FF948.4DB55335.1A2988BF.9E17731B	</guid>
			<type>	Creature	</type>
			<transform>
				<row0>	-0.707105 0.000000 -0.707106	</row0>
				<row1>	0.000000 1.000000 0.000000	</row1>
				<row2>	0.707106 0.000000 -0.707105	</row2>
				<row3>	18.573395 73.102066 31.260818	</row3>
			</transform>
			<clientOnly>	false	</clientOnly>
			<properties>
				<creatureType>	3	</creatureType>
				<patrolPathNode>	</patrolPathNode>
			</properties>
			<backLinks>	</backLinks>
			<prefabTransform>
				<row0>	-0.707105 0.000000 -0.707106	</row0>
				<row1>	0.000000 1.000000 0.000000	</row1>
				<row2>	0.707106 0.000000 -0.707105	</row2>
				<row3>	-7.286743 -0.260124 -0.639206	</row3>
			</prefabTransform>
		</entity>
		<model>
			<resource>	sets/temperate/props/mushrooms/mushroom03_cluster.model	</resource>
			<transform>
				<row0>	-0.998806 0.037211 -0.031657	</row0>
				<row1>	0.042643 0.980229 -0.193216	</row1>
				<row2>	0.023841 -0.194336 -0.980645	</row2>
				<row3>	40.143795 74.443375 32.626984	</row3>
			</transform>
			<editorOnly>
				<castsShadow>	true	</castsShadow>
			</editorOnly>
			<reflectionVisible>	false	</reflectionVisible>
			<prefabTransform>
				<row0>	-0.998806 0.037211 -0.031657	</row0>
				<row1>	0.042643 0.980229 -0.193216	</row1>
				<row2>	0.023841 -0.194336 -0.980645	</row2>
				<row3>	14.283657 1.081184 0.726959	</row3>
			</prefabTransform>
		</model>
		<speedtree>
			<spt>	speedtree/shrubs_flowers/elephant_ear/ElephantEar_RT.spt	</spt>
			<seed>	1	</seed>
			<transform>
				<row0>	0.130338 0.000000 -0.193234	</row0>
				<row1>	0.000000 0.233082 0.000000	</row1>
				<row2>	0.193234 0.000000 0.130338	</row2>
				<row3>	15.543327 72.600151 32.484604	</row3>
			</transform>
			<reflectionVisible>	false	</reflectionVisible>
			<prefabTransform>
				<row0>	0.130338 0.000000 -0.193234	</row0>
				<row1>	0.000000 0.233082 0.000000	</row1>
				<row2>	0.193234 0.000000 0.130338	</row2>
				<row3>	-10.316811 -0.762039 0.584579	</row3>
			</prefabTransform>
		</speedtree>
		<entity>
			<editorOnly>
				<hidden>	false	</hidden>
				<frozen>	false	</frozen>
			</editorOnly>
			<guid>	08E02AF1.4AFDD984.194AB8B5.CE262EEE	</guid>
			<type>	Creature	</type>
			<transform>
				<row0>	-0.258818 0.000000 -0.965925	</row0>
				<row1>	0.000000 1.000000 0.000000	</row1>
				<row2>	0.965925 0.000000 -0.258818	</row2>
				<row3>	33.874512 73.895035 32.720718	</row3>
			</transform>
			<clientOnly>	false	</clientOnly>
			<properties>
				<creatureType>	3	</creatureType>
				<patrolPathNode>	</patrolPathNode>
			</properties>
			<backLinks>	</backLinks>
			<prefabTransform>
				<row0>	-0.258818 0.000000 -0.965925	</row0>
				<row1>	0.000000 1.000000 0.000000	</row1>
				<row2>	0.965925 0.000000 -0.258818	</row2>
				<row3>	8.014374 0.532845 0.820694	</row3>
			</prefabTransform>
		</entity>
		<entity>
			<editorOnly>
				<hidden>	false	</hidden>
				<frozen>	false	</frozen>
			</editorOnly>
			<guid>	1D2906B9.4E66EFF1.44126494.DE082813	</guid>
			<type>	Creature	</type>
			<transform>
				<row0>	0.965925 0.000000 0.258819	</row0>
				<row1>	0.000000 1.000000 0.000000	</row1>
				<row2>	-0.258819 0.000000 0.965925	</row2>
				<row3>	30.553642 74.092072 32.741669	</row3>
			</transform>
			<clientOnly>	false	</clientOnly>
			<properties>
				<creatureType>	3	</creatureType>
				<patrolPathNode>	</patrolPathNode>
			</properties>
			<backLinks>	</backLinks>
			<prefabTransform>
				<row0>	0.965925 0.000000 0.258819	</row0>
				<row1>	0.000000 1.000000 0.000000	</row1>
				<row2>	-0.258819 0.000000 0.965925	</row2>
				<row3>	4.693504 0.729881 0.841644	</row3>
			</prefabTransform>
		</entity>
		<speedtree>
			<spt>	speedtree/shrubs_flowers/elephant_ear/ElephantEar_RT.spt	</spt>
			<seed>	1	</seed>
			<transform>
				<row0>	-0.237765 0.000000 0.172746	</row0>
				<row1>	0.000000 0.293893 0.000000	</row1>
				<row2>	-0.172746 0.000000 -0.237765	</row2>
				<row3>	20.751945 72.587486 33.935440	</row3>
			</transform>
			<reflectionVisible>	false	</reflectionVisible>
			<prefabTransform>
				<row0>	-0.237765 0.000000 0.172746	</row0>
				<row1>	0.000000 0.293893 0.000000	</row1>
				<row2>	-0.172746 0.000000 -0.237765	</row2>
				<row3>	-5.108192 -0.774704 2.035416	</row3>
			</prefabTransform>
		</speedtree>
		<model>
			<resource>	sets/temperate/props/fd_fence_wood01.model	</resource>
			<transform>
				<row0>	-0.033436 0.211222 0.976867	</row0>
				<row1>	0.064863 0.975812 -0.208772	</row1>
				<row2>	-0.997334 0.056383 -0.046330	</row2>
				<row3>	40.802082 75.378502 37.175766	</row3>
			</transform>
			<reflectionVisible>	false	</reflectionVisible>
			<prefabTransform>
				<row0>	-0.033436 0.211222 0.976867	</row0>
				<row1>	0.064863 0.975812 -0.208772	</row1>
				<row2>	-0.997334 0.056383 -0.046330	</row2>
				<row3>	14.941944 2.016312 5.275742	</row3>
			</prefabTransform>
		</model>
		<entity>
			<editorOnly>
				<hidden>	false	</hidden>
				<frozen>	false	</frozen>
			</editorOnly>
			<guid>	55942546.464E042A.5A8A5AA3.67D2F2D5	</guid>
			<type>	Creature	</type>
			<transform>
				<row0>	-0.707105 0.000000 -0.707106	</row0>
				<row1>	0.000000 1.000000 0.000000	</row1>
				<row2>	0.707106 0.000000 -0.707105	</row2>
				<row3>	32.415474 74.658463 34.023468	</row3>
			</transform>
			<clientOnly>	false	</clientOnly>
			<properties>
				<creatureType>	3	</creatureType>
				<patrolPathNode>	</patrolPathNode>
			</properties>
			<backLinks>	</backLinks>
			<prefabTransform>
				<row0>	-0.707105 0.000000 -0.707106	</row0>
				<row1>	0.000000 1.000000 0.000000	</row1>
				<row2>	0.707106 0.000000 -0.707105	</row2>
				<row3>	6.555336 1.296272 2.123444	</row3>
			</prefabTransform>
		</entity>
		<speedtree>
			<spt>	speedtree/shrubs_flowers/elephant_ear/ElephantEar_RT.spt	</spt>
			<seed>	1	</seed>
			<transform>
				<row0>	-0.109060 0.000000 -0.109060	</row0>
				<row1>	0.000000 0.154234 0.000000	</row1>
				<row2>	0.109060 0.000000 -0.109060	</row2>
				<row3>	34.494911 74.294769 35.387161	</row3>
			</transform>
			<reflectionVisible>	false	</reflectionVisible>
			<prefabTransform>
				<row0>	-0.109060 0.000000 -0.109060	</row0>
				<row1>	0.000000 0.154234 0.000000	</row1>
				<row2>	0.109060 0.000000 -0.109060	</row2>
				<row3>	8.634773 0.932579 3.487137	</row3>
			</prefabTransform>
		</speedtree>
		<model>
			<resource>	sets/temperate/props/fd_fence_wood01.model	</resource>
			<transform>
				<row0>	-0.014353 0.152227 0.988242	</row0>
				<row1>	0.002589 0.988346 -0.152206	</row1>
				<row2>	-0.999895 0.000375 -0.014583	</row2>
				<row3>	10.657753 73.581032 37.460373	</row3>
			</transform>
			<reflectionVisible>	false	</reflectionVisible>
			<prefabTransform>
				<row0>	-0.014353 0.152227 0.988242	</row0>
				<row1>	0.002589 0.988346 -0.152206	</row1>
				<row2>	-0.999895 0.000375 -0.014583	</row2>
				<row3>	-15.202385 0.218842 5.560349	</row3>
			</prefabTransform>
		</model>
		<speedtree>
			<spt>	speedtree/shrubs_flowers/elephant_ear/ElephantEar_RT.spt	</spt>
			<seed>	1	</seed>
			<transform>
				<row0>	0.045364 0.000000 0.181945	</row0>
				<row1>	0.000000 0.187515 0.000000	</row1>
				<row2>	-0.181945 0.000000 0.045364	</row2>
				<row3>	28.855583 73.859047 35.917694	</row3>
			</transform>
			<reflectionVisible>	false	</reflectionVisible>
			<prefabTransform>
				<row0>	0.045364 0.000000 0.181945	</row0>
				<row1>	0.000000 0.187515 0.000000	</row1>
				<row2>	-0.181945 0.000000 0.045364	</row2>
				<row3>	2.995445 0.496857 4.017670	</row3>
			</prefabTransform>
		</speedtree>
		<speedtree>
			<spt>	speedtree/shrubs_flowers/elephant_ear/ElephantEar_RT.spt	</spt>
			<seed>	1	</seed>
			<transform>
				<row0>	-0.103002 0.000000 0.254938	</row0>
				<row1>	0.000000 0.274960 0.000000	</row1>
				<row2>	-0.254938 0.000000 -0.103002	</row2>
				<row3>	15.354301 72.998344 36.033768	</row3>
			</transform>
			<reflectionVisible>	false	</reflectionVisible>
			<prefabTransform>
				<row0>	-0.103002 0.000000 0.254938	</row0>
				<row1>	0.000000 0.274960 0.000000	</row1>
				<row2>	-0.254938 0.000000 -0.103002	</row2>
				<row3>	-10.505836 -0.363846 4.133743	</row3>
			</prefabTransform>
		</speedtree>
		<speedtree>
			<spt>	speedtree/shrubs_flowers/elephant_ear/ElephantEar_RT.spt	</spt>
			<seed>	1	</seed>
			<transform>
				<row0>	-0.166650 0.000000 0.023421	</row0>
				<row1>	0.000000 0.168288 0.000000	</row1>
				<row2>	-0.023421 0.000000 -0.166650	</row2>
				<row3>	20.673073 73.233162 36.347321	</row3>
			</transform>
			<reflectionVisible>	false	</reflectionVisible>
			<prefabTransform>
				<row0>	-0.166650 0.000000 0.023421	</row0>
				<row1>	0.000000 0.168288 0.000000	</row1>
				<row2>	-0.023421 0.000000 -0.166650	</row2>
				<row3>	-5.187065 -0.129028 4.447296	</row3>
			</prefabTransform>
		</speedtree>
		<speedtree>
			<spt>	speedtree/shrubs_flowers/elephant_ear/ElephantEar_RT.spt	</spt>
			<seed>	1	</seed>
			<transform>
				<row0>	-0.143247 0.000000 0.054987	</row0>
				<row1>	0.000000 0.153438 0.000000	</row1>
				<row2>	-0.054987 0.000000 -0.143247	</row2>
				<row3>	34.450729 74.712646 38.106445	</row3>
			</transform>
			<reflectionVisible>	false	</reflectionVisible>
			<prefabTransform>
				<row0>	-0.143247 0.000000 0.054987	</row0>
				<row1>	0.000000 0.153438 0.000000	</row1>
				<row2>	-0.054987 0.000000 -0.143247	</row2>
				<row3>	8.590591 1.350456 6.206421	</row3>
			</prefabTransform>
		</speedtree>
		<speedtree>
			<spt>	speedtree/shrubs_flowers/elephant_ear/ElephantEar_RT.spt	</spt>
			<seed>	1	</seed>
			<transform>
				<row0>	-0.204178 0.000000 -0.165340	</row0>
				<row1>	0.000000 0.262728 0.000000	</row1>
				<row2>	0.165340 0.000000 -0.204178	</row2>
				<row3>	28.625191 74.542587 39.749344	</row3>
			</transform>
			<reflectionVisible>	false	</reflectionVisible>
			<prefabTransform>
				<row0>	-0.204178 0.000000 -0.165340	</row0>
				<row1>	0.000000 0.262728 0.000000	</row1>
				<row2>	0.165340 0.000000 -0.204178	</row2>
				<row3>	2.765053 1.180397 7.849319	</row3>
			</prefabTransform>
		</speedtree>
		<speedtree>
			<spt>	speedtree/shrubs_flowers/elephant_ear/ElephantEar_RT.spt	</spt>
			<seed>	1	</seed>
			<transform>
				<row0>	-0.133364 0.000000 0.261743	</row0>
				<row1>	0.000000 0.293761 0.000000	</row1>
				<row2>	-0.261743 0.000000 -0.133364	</row2>
				<row3>	20.560226 73.861938 40.055908	</row3>
			</transform>
			<reflectionVisible>	false	</reflectionVisible>
			<prefabTransform>
				<row0>	-0.133364 0.000000 0.261743	</row0>
				<row1>	0.000000 0.293761 0.000000	</row1>
				<row2>	-0.261743 0.000000 -0.133364	</row2>
				<row3>	-5.299911 0.499748 8.155884	</row3>
			</prefabTransform>
		</speedtree>
		<speedtree>
			<spt>	speedtree/shrubs_flowers/elephant_ear/ElephantEar_RT.spt	</spt>
			<seed>	1	</seed>
			<transform>
				<row0>	-0.278054 0.000000 0.024327	</row0>
				<row1>	0.000000 0.279116 0.000000	</row1>
				<row2>	-0.024327 0.000000 -0.278054	</row2>
				<row3>	14.367493 73.597214 39.964066	</row3>
			</transform>
			<reflectionVisible>	false	</reflectionVisible>
			<prefabTransform>
				<row0>	-0.278054 0.000000 0.024327	</row0>
				<row1>	0.000000 0.279116 0.000000	</row1>
				<row2>	-0.024327 0.000000 -0.278054	</row2>
				<row3>	-11.492645 0.235023 8.064041	</row3>
			</prefabTransform>
		</speedtree>
		<speedtree>
			<spt>	speedtree/shrubs_flowers/elephant_ear/ElephantEar_RT.spt	</spt>
			<seed>	1	</seed>
			<transform>
				<row0>	0.142621 0.000000 -0.119673	</row0>
				<row1>	0.000000 0.186178 0.000000	</row1>
				<row2>	0.119673 0.000000 0.142621	</row2>
				<row3>	34.609741 75.249573 40.717758	</row3>
			</transform>
			<reflectionVisible>	false	</reflectionVisible>
			<prefabTransform>
				<row0>	0.142621 0.000000 -0.119673	</row0>
				<row1>	0.000000 0.186178 0.000000	</row1>
				<row2>	0.119673 0.000000 0.142621	</row2>
				<row3>	8.749603 1.887383 8.817734	</row3>
			</prefabTransform>
		</speedtree>
		<model>
			<resource>	sets/temperate/props/fd_fence_wood01.model	</resource>
			<transform>
				<row0>	-0.033776 0.164865 0.985738	</row0>
				<row1>	-0.001200 0.986294 -0.164999	</row1>
				<row2>	-0.999430 -0.006755 -0.033118	</row2>
				<row3>	40.443340 76.603951 43.310883	</row3>
			</transform>
			<reflectionVisible>	false	</reflectionVisible>
			<prefabTransform>
				<row0>	-0.033776 0.164865 0.985738	</row0>
				<row1>	-0.001200 0.986294 -0.164999	</row1>
				<row2>	-0.999430 -0.006755 -0.033118	</row2>
				<row3>	14.583202 3.241760 11.410858	</row3>
			</prefabTransform>
		</model>
		<model>
			<resource>	sets/temperate/props/fd_fence_wood01.model	</resource>
			<transform>
				<row0>	-0.038158 0.213411 0.976218	</row0>
				<row1>	0.025013 0.976828 -0.212566	</row1>
				<row2>	-0.998960 0.016309 -0.042614	</row2>
				<row3>	10.389557 74.789825 43.914490	</row3>
			</transform>
			<reflectionVisible>	false	</reflectionVisible>
			<prefabTransform>
				<row0>	-0.038158 0.213411 0.976218	</row0>
				<row1>	0.025013 0.976828 -0.212566	</row1>
				<row2>	-0.998960 0.016309 -0.042614	</row2>
				<row3>	-15.470581 1.427635 12.014465	</row3>
			</prefabTransform>
		</model>
		<speedtree>
			<spt>	speedtree/shrubs_flowers/elephant_ear/ElephantEar_RT.spt	</spt>
			<seed>	1	</seed>
			<transform>
				<row0>	0.239593 0.000000 0.082498	</row0>
				<row1>	0.000000 0.253398 0.000000	</row1>
				<row2>	-0.082498 0.000000 0.239593	</row2>
				<row3>	28.090645 74.773438 42.707321	</row3>
			</transform>
			<reflectionVisible>	false	</reflectionVisible>
			<prefabTransform>
				<row0>	0.239593 0.000000 0.082498	</row0>
				<row1>	0.000000 0.253398 0.000000	</row1>
				<row2>	-0.082498 0.000000 0.239593	</row2>
				<row3>	2.230507 1.411247 10.807297	</row3>
			</prefabTransform>
		</speedtree>
		<speedtree>
			<spt>	speedtree/shrubs_flowers/elephant_ear/ElephantEar_RT.spt	</spt>
			<seed>	1	</seed>
			<transform>
				<row0>	0.280393 0.000000 -0.034428	</row0>
				<row1>	0.000000 0.282499 0.000000	</row1>
				<row2>	0.034428 0.000000 0.280393	</row2>
				<row3>	20.471321 74.126709 43.113647	</row3>
			</transform>
			<reflectionVisible>	false	</reflectionVisible>
			<prefabTransform>
				<row0>	0.280393 0.000000 -0.034428	</row0>
				<row1>	0.000000 0.282499 0.000000	</row1>
				<row2>	0.034428 0.000000 0.280393	</row2>
				<row3>	-5.388817 0.764519 11.213623	</row3>
			</prefabTransform>
		</speedtree>
		<speedtree>
			<spt>	speedtree/shrubs_flowers/elephant_ear/ElephantEar_RT.spt	</spt>
			<seed>	1	</seed>
			<transform>
				<row0>	-0.276612 0.000000 0.000000	</row0>
				<row1>	0.000000 0.276612 0.000000	</row1>
				<row2>	-0.000000 0.000000 -0.276612	</row2>
				<row3>	14.200333 74.020462 42.996338	</row3>
			</transform>
			<reflectionVisible>	false	</reflectionVisible>
			<prefabTransform>
				<row0>	-0.276612 0.000000 0.000000	</row0>
				<row1>	0.000000 0.276612 0.000000	</row1>
				<row2>	0.000000 0.000000 -0.276612	</row2>
				<row3>	-11.659805 0.658272 11.096313	</row3>
			</prefabTransform>
		</speedtree>
		<model>
			<resource>	sets/temperate/props/fd_fence_wood01.model	</resource>
			<transform>
				<row0>	-0.999360 -0.034499 -0.009471	</row0>
				<row1>	-0.033194 0.992910 -0.114144	</row1>
				<row2>	0.013341 -0.113757 -0.993419	</row2>
				<row3>	37.344822 76.940720 46.776703	</row3>
			</transform>
			<reflectionVisible>	false	</reflectionVisible>
			<prefabTransform>
				<row0>	-0.999360 -0.034499 -0.009471	</row0>
				<row1>	-0.033194 0.992910 -0.114144	</row1>
				<row2>	0.013341 -0.113757 -0.993419	</row2>
				<row3>	11.484684 3.578529 14.876678	</row3>
			</prefabTransform>
		</model>
		<model>
			<resource>	sets/temperate/props/fd_fence_wood01.model	</resource>
			<transform>
				<row0>	-0.997863 -0.065111 -0.005418	</row0>
				<row1>	-0.060961 0.957674 -0.281327	</row1>
				<row2>	0.023505 -0.280395 -0.959597	</row2>
				<row3>	31.047569 76.739922 46.966492	</row3>
			</transform>
			<reflectionVisible>	false	</reflectionVisible>
			<prefabTransform>
				<row0>	-0.997863 -0.065111 -0.005418	</row0>
				<row1>	-0.060961 0.957674 -0.281327	</row1>
				<row2>	0.023505 -0.280395 -0.959597	</row2>
				<row3>	5.187431 3.377731 15.066467	</row3>
			</prefabTransform>
		</model>
		<model>
			<resource>	sets/temperate/props/fd_fence_wood01.model	</resource>
			<transform>
				<row0>	-0.998087 -0.061329 -0.007668	</row0>
				<row1>	-0.053886 0.924233 -0.378007	</row1>
				<row2>	0.030269 -0.376871 -0.925771	</row2>
				<row3>	24.613144 76.268280 47.123657	</row3>
			</transform>
			<reflectionVisible>	false	</reflectionVisible>
			<prefabTransform>
				<row0>	-0.998087 -0.061329 -0.007668	</row0>
				<row1>	-0.053886 0.924233 -0.378007	</row1>
				<row2>	0.030269 -0.376871 -0.925771	</row2>
				<row3>	-1.246994 2.906090 15.223633	</row3>
			</prefabTransform>
		</model>
		<model>
			<resource>	sets/temperate/props/fd_fence_wood01.model	</resource>
			<transform>
				<row0>	-0.994203 -0.067868 0.083380	</row0>
				<row1>	-0.091501 0.941325 -0.324861	</row1>
				<row2>	-0.056440 -0.330608 -0.942079	</row2>
