<farm_wheet01.prefab>
	<chunks>	</chunks>
	<items>
		<speedtree>
			<spt>	speedtree/shrubs_flowers/cinnamon_fern/CinnamonFern_RT.spt	</spt>
			<seed>	1	</seed>
			<transform>
				<row0>	0.163172 0.058478 -0.065953	</row0>
				<row1>	-0.062568 0.174586 0.000000	</row1>
				<row2>	0.062085 0.022250 0.173335	</row2>
				<row3>	1.493591 202.815399 89.875893	</row3>
			</transform>
			<reflectionVisible>	false	</reflectionVisible>
			<editorOnly>
				<castsShadow>	true	</castsShadow>
			</editorOnly>
			<prefabTransform>
				<row0>	0.163172 0.058478 -0.065953	</row0>
				<row1>	-0.062568 0.174586 0.000000	</row1>
				<row2>	0.062085 0.022250 0.173335	</row2>
				<row3>	-3.133911 -0.857208 10.971573	</row3>
			</prefabTransform>
		</speedtree>
		<model>
			<resource>	sets/temperate/props/fd_fence_wood01.model	</resource>
			<transform>
				<row0>	0.011994 0.000000 -1.105044	</row0>
				<row1>	0.000000 1.000002 0.000000	</row1>
				<row2>	0.999940 0.000001 0.010853	</row2>
				<row3>	0.595947 202.519958 84.222374	</row3>
			</transform>
			<editorOnly>
				<castsShadow>	true	</castsShadow>
			</editorOnly>
			<reflectionVisible>	false	</reflectionVisible>
			<prefabTransform>
				<row0>	0.011994 0.000000 -1.105044	</row0>
				<row1>	0.000000 1.000002 0.000000	</row1>
				<row2>	0.999940 0.000001 0.010853	</row2>
				<row3>	-4.031555 -1.152649 5.318054	</row3>
			</prefabTransform>
		</model>
		<model>
			<resource>	sets/temperate/props/fd_fence_wood02.model	</resource>
			<transform>
				<row0>	0.991957 0.061491 -0.110638	</row0>
				<row1>	-0.070583 0.994273 -0.080237	</row1>
				<row2>	0.105070 0.087401 0.990617	</row2>
				<row3>	6.655426 204.144058 87.467384	</row3>
			</transform>
			<editorOnly>
				<castsShadow>	true	</castsShadow>
			</editorOnly>
			<reflectionVisible>	false	</reflectionVisible>
			<prefabTransform>
				<row0>	0.991957 0.061491 -0.110638	</row0>
				<row1>	-0.070583 0.994273 -0.080237	</row1>
				<row2>	0.105070 0.087401 0.990617	</row2>
				<row3>	2.027924 0.471451 8.563065	</row3>
			</prefabTransform>
		</model>
		<model>
			<resource>	flora/wheat/wheat_4_tris.model	</resource>
			<transform>
				<row0>	0.368762 0.113855 1.413154	</row0>
				<row1>	-0.003307 1.460242 -0.116788	</row1>
				<row2>	-1.417727 0.026206 0.367844	</row2>
				<row3>	3.012207 203.364227 85.026611	</row3>
			</transform>
			<editorOnly>
				<castsShadow>	false	</castsShadow>
			</editorOnly>
			<reflectionVisible>	false	</reflectionVisible>
			<prefabTransform>
				<row0>	0.368762 0.113855 1.413154	</row0>
				<row1>	-0.003307 1.460242 -0.116788	</row1>
				<row2>	-1.417727 0.026206 0.367844	</row2>
				<row3>	-1.615295 -0.308380 6.122292	</row3>
			</prefabTransform>
		</model>
		<model>
			<resource>	flora/wheat/wheat_4_tris.model	</resource>
			<transform>
				<row0>	0.368762 0.113855 1.413154	</row0>
				<row1>	-0.003307 1.460242 -0.116788	</row1>
				<row2>	-1.417727 0.026206 0.367843	</row2>
				<row3>	2.947754 203.386703 83.863693	</row3>
			</transform>
			<editorOnly>
				<castsShadow>	false	</castsShadow>
			</editorOnly>
			<reflectionVisible>	false	</reflectionVisible>
			<prefabTransform>
				<row0>	0.368762 0.113855 1.413154	</row0>
				<row1>	-0.003307 1.460242 -0.116788	</row1>
				<row2>	-1.417727 0.026206 0.367843	</row2>
				<row3>	-1.679749 -0.285904 4.959373	</row3>
			</prefabTransform>
		</model>
		<model>
			<resource>	flora/wheat/wheat_4_tris.model	</resource>
			<transform>
				<row0>	1.408208 0.113855 0.387220	</row0>
				<row1>	-0.102795 1.460242 -0.055530	</row1>
				<row2>	-0.390302 0.026206 1.411709	</row2>
				<row3>	5.844910 203.922821 83.194321	</row3>
			</transform>
			<editorOnly>
				<castsShadow>	false	</castsShadow>
			</editorOnly>
			<reflectionVisible>	false	</reflectionVisible>
			<prefabTransform>
				<row0>	1.408208 0.113855 0.387220	</row0>
				<row1>	-0.102795 1.460242 -0.055530	</row1>
				<row2>	-0.390302 0.026206 1.411709	</row2>
				<row3>	1.217407 0.250214 4.290001	</row3>
			</prefabTransform>
		</model>
		<model>
			<resource>	sets/temperate/props/fd_fence_wood03.model	</resource>
			<transform>
				<row0>	-0.165053 0.054565 -0.984774	</row0>
				<row1>	0.009028 0.998510 0.053813	</row1>
				<row2>	0.986243 -0.000009 -0.165300	</row2>
				<row3>	100.118561 202.519501 78.397568	</row3>
			</transform>
			<editorOnly>
				<castsShadow>	true	</castsShadow>
			</editorOnly>
			<reflectionVisible>	false	</reflectionVisible>
			<prefabTransform>
				<row0>	-0.165053 0.054565 -0.984774	</row0>
				<row1>	0.009028 0.998510 0.053813	</row1>
				<row2>	0.986243 -0.000009 -0.165300	</row2>
				<row3>	-4.508942 -1.153107 -0.506752	</row3>
			</prefabTransform>
		</model>
		<model>
			<resource>	flora/wheat/wheat_4_tris.model	</resource>
			<transform>
				<row0>	1.408207 0.113856 0.387221	</row0>
				<row1>	-0.102795 1.460242 -0.055530	</row1>
				<row2>	-0.390302 0.026206 1.411710	</row2>
				<row3>	5.651520 203.754852 82.434517	</row3>
			</transform>
			<editorOnly>
				<castsShadow>	false	</castsShadow>
			</editorOnly>
			<reflectionVisible>	false	</reflectionVisible>
			<prefabTransform>
				<row0>	1.408207 0.113856 0.387221	</row0>
				<row1>	-0.102795 1.460242 -0.055530	</row1>
				<row2>	-0.390302 0.026206 1.411710	</row2>
				<row3>	1.024017 0.082245 3.530197	</row3>
			</prefabTransform>
		</model>
		<model>
			<resource>	flora/wheat/wheat_4_tris.model	</resource>
			<transform>
				<row0>	1.408207 0.113856 0.387221	</row0>
				<row1>	-0.102795 1.460242 -0.055530	</row1>
				<row2>	-0.390302 0.026206 1.411710	</row2>
				<row3>	6.271179 203.986298 82.544968	</row3>
			</transform>
			<editorOnly>
				<castsShadow>	false	</castsShadow>
			</editorOnly>
			<reflectionVisible>	false	</reflectionVisible>
			<prefabTransform>
				<row0>	1.408207 0.113856 0.387221	</row0>
				<row1>	-0.102795 1.460242 -0.055530	</row1>
				<row2>	-0.390302 0.026206 1.411710	</row2>
				<row3>	1.643677 0.313690 3.640648	</row3>
			</prefabTransform>
		</model>
		<model>
			<resource>	flora/wheat/wheat_4_tris.model	</resource>
			<transform>
				<row0>	2.234479 0.180660 0.614422	</row0>
				<row1>	-0.163110 2.317046 -0.088112	</row1>
				<row2>	-0.619313 0.041583 2.240036	</row2>
				<row3>	2.624237 203.403275 80.354050	</row3>
			</transform>
			<editorOnly>
				<castsShadow>	false	</castsShadow>
			</editorOnly>
			<reflectionVisible>	false	</reflectionVisible>
			<prefabTransform>
				<row0>	2.234479 0.180660 0.614422	</row0>
				<row1>	-0.163110 2.317046 -0.088112	</row1>
				<row2>	-0.619313 0.041583 2.240036	</row2>
				<row3>	-2.003265 -0.269333 1.449730	</row3>
			</prefabTransform>
		</model>
		<model>
			<resource>	flora/wheat/wheat_4_tris.model	</resource>
			<transform>
				<row0>	1.408208 0.113855 0.387220	</row0>
				<row1>	-0.102795 1.460242 -0.055530	</row1>
				<row2>	-0.390302 0.026206 1.411709	</row2>
				<row3>	2.809052 203.372040 82.514877	</row3>
			</transform>
			<editorOnly>
				<castsShadow>	false	</castsShadow>
			</editorOnly>
			<reflectionVisible>	false	</reflectionVisible>
			<prefabTransform>
				<row0>	1.408208 0.113855 0.387220	</row0>
				<row1>	-0.102795 1.460242 -0.055530	</row1>
				<row2>	-0.390302 0.026206 1.411709	</row2>
				<row3>	-1.818451 -0.300568 3.610558	</row3>
			</prefabTransform>
		</model>
		<model>
			<resource>	flora/wheat/wheat_4_tris.model	</resource>
			<transform>
				<row0>	0.431410 0.126848 -1.568911	</row0>
				<row1>	-0.061867 1.626884 0.114526	</row1>
				<row2>	1.572812 0.029197 0.434843	</row2>
				<row3>	9.728729 204.533157 82.508942	</row3>
			</transform>
			<editorOnly>
				<castsShadow>	false	</castsShadow>
			</editorOnly>
			<reflectionVisible>	false	</reflectionVisible>
			<prefabTransform>
				<row0>	0.431410 0.126848 -1.568911	</row0>
				<row1>	-0.061867 1.626884 0.114526	</row1>
				<row2>	1.572812 0.029197 0.434843	</row2>
				<row3>	5.101227 0.860550 3.604622	</row3>
			</prefabTransform>
		</model>
		<model>
			<resource>	flora/wheat/wheat_4_tris.model	</resource>
			<transform>
				<row0>	1.915779 0.154893 0.526788	</row0>
				<row1>	-0.139846 1.986570 -0.075545	</row1>
				<row2>	-0.530981 0.035652 1.920543	</row2>
				<row3>	5.870453 203.666946 81.045654	</row3>
			</transform>
			<editorOnly>
				<castsShadow>	false	</castsShadow>
			</editorOnly>
			<reflectionVisible>	false	</reflectionVisible>
			<prefabTransform>
				<row0>	1.915779 0.154893 0.526788	</row0>
				<row1>	-0.139846 1.986570 -0.075545	</row1>
				<row2>	-0.530981 0.035652 1.920543	</row2>
				<row3>	1.242950 -0.005661 2.141335	</row3>
			</prefabTransform>
		</model>
		<model>
			<resource>	flora/wheat/wheat_4_tris.model	</resource>
			<transform>
				<row0>	1.408207 0.113856 0.387221	</row0>
				<row1>	-0.102795 1.460242 -0.055530	</row1>
				<row2>	-0.390302 0.026206 1.411710	</row2>
				<row3>	6.158142 203.850555 81.782036	</row3>
			</transform>
			<editorOnly>
				<castsShadow>	false	</castsShadow>
			</editorOnly>
			<reflectionVisible>	false	</reflectionVisible>
			<prefabTransform>
				<row0>	1.408207 0.113856 0.387221	</row0>
				<row1>	-0.102795 1.460242 -0.055530	</row1>
				<row2>	-0.390302 0.026206 1.411710	</row2>
				<row3>	1.530640 0.177948 2.877716	</row3>
			</prefabTransform>
		</model>
		<model>
			<resource>	flora/wheat/wheat_4_tris.model	</resource>
			<transform>
				<row0>	1.408207 0.113856 0.387221	</row0>
				<row1>	-0.102795 1.460242 -0.055530	</row1>
				<row2>	-0.390302 0.026206 1.411710	</row2>
				<row3>	6.113037 203.722626 80.493980	</row3>
			</transform>
			<editorOnly>
				<castsShadow>	false	</castsShadow>
			</editorOnly>
			<reflectionVisible>	false	</reflectionVisible>
			<prefabTransform>
				<row0>	1.408207 0.113856 0.387221	</row0>
				<row1>	-0.102795 1.460242 -0.055530	</row1>
				<row2>	-0.390302 0.026206 1.411710	</row2>
				<row3>	1.485535 0.050018 1.589661	</row3>
			</prefabTransform>
		</model>
		<model>
			<resource>	flora/wheat/wheat_4_tris.model	</resource>
			<transform>
				<row0>	1.408207 0.113856 0.387221	</row0>
				<row1>	-0.102795 1.460242 -0.055530	</row1>
				<row2>	-0.390302 0.026206 1.411710	</row2>
				<row3>	5.627747 203.541962 79.918549	</row3>
			</transform>
			<editorOnly>
				<castsShadow>	true	</castsShadow>
			</editorOnly>
			<reflectionVisible>	false	</reflectionVisible>
			<prefabTransform>
				<row0>	1.408207 0.113856 0.387221	</row0>
				<row1>	-0.102795 1.460242 -0.055530	</row1>
				<row2>	-0.390302 0.026206 1.411710	</row2>
				<row3>	1.000244 -0.130646 1.014229	</row3>
			</prefabTransform>
		</model>
		<model>
			<resource>	flora/wheat/wheat_4_tris.model	</resource>
			<transform>
				<row0>	-1.413152 0.113855 0.368761	</row0>
				<row1>	0.116788 1.460240 -0.003307	</row1>
				<row2>	-0.367842 0.026206 -1.417725	</row2>
				<row3>	5.852661 203.598602 79.738556	</row3>
			</transform>
			<editorOnly>
				<castsShadow>	false	</castsShadow>
			</editorOnly>
			<reflectionVisible>	false	</reflectionVisible>
			<prefabTransform>
				<row0>	-1.413152 0.113855 0.368761	</row0>
				<row1>	0.116788 1.460240 -0.003307	</row1>
				<row2>	-0.367842 0.026206 -1.417725	</row2>
				<row3>	1.225159 -0.074005 0.834236	</row3>
			</prefabTransform>
		</model>
		<model>
			<resource>	flora/wheat/wheat_4_tris.model	</resource>
			<transform>
				<row0>	-1.413152 0.113855 0.368761	</row0>
				<row1>	0.116788 1.460240 -0.003307	</row1>
				<row2>	-0.367842 0.026206 -1.417725	</row2>
				<row3>	2.816864 203.382782 79.059097	</row3>
			</transform>
			<editorOnly>
				<castsShadow>	false	</castsShadow>
			</editorOnly>
			<reflectionVisible>	false	</reflectionVisible>
			<prefabTransform>
				<row0>	-1.413152 0.113855 0.368761	</row0>
				<row1>	0.116788 1.460240 -0.003307	</row1>
				<row2>	-0.367842 0.026206 -1.417725	</row2>
				<row3>	-1.810638 -0.289825 0.154778	</row3>
			</prefabTransform>
		</model>
		<model>
			<resource>	flora/wheat/wheat_4_tris.model	</resource>
			<transform>
				<row0>	0.387220 0.113855 -1.408207	</row0>
				<row1>	-0.055530 1.460241 0.102795	</row1>
				<row2>	1.411708 0.026206 0.390302	</row2>
				<row3>	9.587921 204.440399 80.934067	</row3>
			</transform>
			<editorOnly>
				<castsShadow>	false	</castsShadow>
			</editorOnly>
			<reflectionVisible>	false	</reflectionVisible>
			<prefabTransform>
				<row0>	0.387220 0.113855 -1.408207	</row0>
				<row1>	-0.055530 1.460241 0.102795	</row1>
				<row2>	1.411708 0.026206 0.390302	</row2>
				<row3>	4.960419 0.767792 2.029747	</row3>
			</prefabTransform>
		</model>
		<model>
			<resource>	flora/wheat/wheat_4_tris.model	</resource>
			<transform>
				<row0>	-1.574421 0.126848 0.410844	</row0>
				<row1>	0.130116 1.626882 -0.003684	</row1>
				<row2>	-0.409820 0.029197 -1.579516	</row2>
				<row3>	9.737762 204.486282 80.923767	</row3>
			</transform>
			<editorOnly>
				<castsShadow>	false	</castsShadow>
			</editorOnly>
			<reflectionVisible>	false	</reflectionVisible>
			<prefabTransform>
				<row0>	-1.574421 0.126848 0.410844	</row0>
				<row1>	0.130116 1.626882 -0.003684	</row1>
				<row2>	-0.409820 0.029197 -1.579516	</row2>
				<row3>	5.110260 0.813675 2.019447	</row3>
			</prefabTransform>
		</model>
		<model>
			<resource>	sets/town/props/cart/model/cart.model	</resource>
			<transform>
				<row0>	0.965924 0.000000 -0.258818	</row0>
				<row1>	0.000000 0.999998 0.000000	</row1>
				<row2>	0.258818 0.000000 0.965924	</row2>
				<row3>	98.285187 202.400330 74.784798	</row3>
			</transform>
			<editorOnly>
				<castsShadow>	true	</castsShadow>
			</editorOnly>
			<reflectionVisible>	false	</reflectionVisible>
			<prefabTransform>
				<row0>	0.965924 0.000000 -0.258818	</row0>
				<row1>	0.000000 0.999998 0.000000	</row1>
				<row2>	0.258818 0.000000 0.965924	</row2>
				<row3>	-6.342316 -1.272278 -4.119522	</row3>
			</prefabTransform>
		</model>
		<model>
			<resource>	flora/wheat/wheat_4_tris.model	</resource>
			<transform>
				<row0>	1.408207 0.113856 0.387221	</row0>
				<row1>	-0.102795 1.460242 -0.055530	</row1>
				<row2>	-0.390302 0.026206 1.411710	</row2>
				<row3>	5.539764 204.239029 79.018318	</row3>
			</transform>
			<editorOnly>
				<castsShadow>	false	</castsShadow>
			</editorOnly>
			<reflectionVisible>	false	</reflectionVisible>
			<prefabTransform>
				<row0>	1.408207 0.113856 0.387221	</row0>
				<row1>	-0.102795 1.460242 -0.055530	</row1>
				<row2>	-0.390302 0.026206 1.411710	</row2>
				<row3>	0.912262 0.566422 0.113998	</row3>
			</prefabTransform>
		</model>
		<model>
			<resource>	flora/wheat/wheat_4_tris.model	</resource>
			<transform>
				<row0>	0.721946 0.113855 1.269557	</row0>
				<row1>	-0.033421 1.460239 -0.111953	</row1>
				<row2>	-1.274212 0.026206 0.722242	</row2>
				<row3>	5.655975 203.613251 78.030472	</row3>
			</transform>
			<editorOnly>
				<castsShadow>	false	</castsShadow>
			</editorOnly>
			<reflectionVisible>	false	</reflectionVisible>
			<prefabTransform>
				<row0>	0.721946 0.113855 1.269557	</row0>
				<row1>	-0.033421 1.460239 -0.111953	</row1>
				<row2>	-1.274212 0.026206 0.722242	</row2>
				<row3>	1.028473 -0.059357 -0.873848	</row3>
			</prefabTransform>
		</model>
		<model>
			<resource>	flora/wheat/wheat_4_tris.model	</resource>
			<transform>
				<row0>	0.387220 0.113855 -1.408207	</row0>
				<row1>	-0.055530 1.460241 0.102795	</row1>
				<row2>	1.411708 0.026206 0.390302	</row2>
				<row3>	13.491547 205.272430 80.886978	</row3>
			</transform>
			<editorOnly>
				<castsShadow>	false	</castsShadow>
			</editorOnly>
			<reflectionVisible>	false	</reflectionVisible>
			<prefabTransform>
				<row0>	0.387220 0.113855 -1.408207	</row0>
				<row1>	-0.055530 1.460241 0.102795	</row1>
				<row2>	1.411708 0.026206 0.390302	</row2>
				<row3>	8.864075 1.599823 1.982658	</row3>
			</prefabTransform>
		</model>
		<model>
			<resource>	flora/wheat/wheat_4_tris.model	</resource>
			<transform>
				<row0>	0.721946 0.113855 1.269557	</row0>
				<row1>	-0.033421 1.460240 -0.111953	</row1>
				<row2>	-1.274212 0.026206 0.722242	</row2>
				<row3>	2.620178 203.325165 77.351013	</row3>
			</transform>
			<editorOnly>
				<castsShadow>	false	</castsShadow>
			</editorOnly>
			<reflectionVisible>	false	</reflectionVisible>
			<prefabTransform>
				<row0>	0.721946 0.113855 1.269557	</row0>
				<row1>	-0.033421 1.460240 -0.111953	</row1>
				<row2>	-1.274212 0.026206 0.722242	</row2>
				<row3>	-2.007324 -0.347443 -1.553307	</row3>
			</prefabTransform>
		</model>
		<model>
			<resource>	flora/wheat/wheat_4_tris.model	</resource>
			<transform>
				<row0>	-1.413152 0.113855 0.368761	</row0>
				<row1>	0.116788 1.460240 -0.003307	</row1>
				<row2>	-0.367842 0.026206 -1.417725	</row2>
				<row3>	9.597046 204.456024 79.348892	</row3>
			</transform>
			<editorOnly>
				<castsShadow>	false	</castsShadow>
			</editorOnly>
			<reflectionVisible>	false	</reflectionVisible>
			<prefabTransform>
				<row0>	-1.413152 0.113855 0.368761	</row0>
				<row1>	0.116788 1.460240 -0.003307	</row1>
				<row2>	-0.367842 0.026206 -1.417725	</row2>
				<row3>	4.969543 0.783417 0.444572	</row3>
			</prefabTransform>
		</model>
		<model>
			<resource>	flora/wheat/wheat_4_tris.model	</resource>
			<transform>
				<row0>	0.804334 0.126848 1.414439	</row0>
				<row1>	-0.037235 1.626881 -0.124729	</row1>
				<row2>	-1.419625 0.029197 0.804664	</row2>
				<row3>	9.541107 204.463821 79.215683	</row3>
			</transform>
			<editorOnly>
				<castsShadow>	false	</castsShadow>
			</editorOnly>
			<reflectionVisible>	false	</reflectionVisible>
			<prefabTransform>
				<row0>	0.804334 0.126848 1.414439	</row0>
				<row1>	-0.037235 1.626881 -0.124729	</row1>
				<row2>	-1.419625 0.029197 0.804664	</row2>
				<row3>	4.913605 0.791214 0.311363	</row3>
			</prefabTransform>
		</model>
		<model>
			<resource>	sets/temperate/props/fd_fence_wood01.model	</resource>
			<transform>
				<row0>	-0.213285 0.002874 -0.976985	</row0>
				<row1>	0.000614 0.999996 0.002808	</row1>
				<row2>	0.976989 -0.000001 -0.213287	</row2>
				<row3>	99.895935 202.330048 72.933037	</row3>
			</transform>
			<editorOnly>
				<castsShadow>	true	</castsShadow>
			</editorOnly>
			<reflectionVisible>	false	</reflectionVisible>
			<prefabTransform>
				<row0>	-0.213285 0.002874 -0.976985	</row0>
				<row1>	0.000614 0.999996 0.002808	</row1>
				<row2>	0.976989 -0.000001 -0.213287	</row2>
				<row3>	-4.731567 -1.342560 -5.971283	</row3>
			</prefabTransform>
		</model>
		<model>
			<resource>	flora/wheat/wheat_4_tris.model	</resource>
			<transform>
				<row0>	-2.242326 0.180660 0.585133	</row0>
				<row1>	0.185314 2.317042 -0.005246	</row1>
				<row2>	-0.583675 0.041583 -2.249580	</row2>
				<row3>	2.631927 203.325150 76.898285	</row3>
			</transform>
			<editorOnly>
				<castsShadow>	false	</castsShadow>
			</editorOnly>
			<reflectionVisible>	false	</reflectionVisible>
			<prefabTransform>
				<row0>	-2.242326 0.180660 0.585133	</row0>
				<row1>	0.185314 2.317042 -0.005246	</row1>
				<row2>	-0.583675 0.041583 -2.249580	</row2>
				<row3>	-1.995575 -0.347458 -2.006035	</row3>
			</prefabTransform>
		</model>
		<model>
			<resource>	flora/wheat/wheat_4_tris.model	</resource>
			<transform>
				<row0>	-0.749856 0.525587 0.401827	</row0>
				<row1>	-0.262165 0.321583 -0.909861	</row1>
				<row2>	-0.607433 -0.787612 -0.103349	</row2>
				<row3>	98.864227 203.017197 75.817299	</row3>
			</transform>
			<editorOnly>
				<castsShadow>	true	</castsShadow>
			</editorOnly>
			<reflectionVisible>	false	</reflectionVisible>
			<prefabTransform>
				<row0>	-0.749856 0.525587 0.401827	</row0>
				<row1>	-0.262165 0.321583 -0.909861	</row1>
				<row2>	-0.607433 -0.787612 -0.103349	</row2>
				<row3>	-5.763275 -0.655411 -3.087021	</row3>
			</prefabTransform>
		</model>
		<model>
			<resource>	flora/wheat/wheat_4_tris.model	</resource>
			<transform>
				<row0>	-1.922506 0.154893 0.501677	</row0>
				<row1>	0.158883 1.986566 -0.004498	</row1>
				<row2>	-0.500426 0.035652 -1.928726	</row2>
				<row3>	5.878143 203.680618 77.589890	</row3>
			</transform>
			<editorOnly>
				<castsShadow>	false	</castsShadow>
			</editorOnly>
			<reflectionVisible>	false	</reflectionVisible>
			<prefabTransform>
				<row0>	-1.922506 0.154893 0.501677	</row0>
				<row1>	0.158883 1.986566 -0.004498	</row1>
				<row2>	-0.500426 0.035652 -1.928726	</row2>
				<row3>	1.250641 0.008011 -1.314430	</row3>
			</prefabTransform>
		</model>
		<model>
			<resource>	flora/wheat/wheat_4_tris.model	</resource>
			<transform>
				<row0>	-0.741090 0.525024 0.418481	</row0>
				<row1>	-0.281543 0.322829 -0.903607	</row1>
				<row2>	-0.609514 -0.787479 -0.091429	</row2>
				<row3>	99.033752 202.941330 75.636299	</row3>
			</transform>
			<editorOnly>
				<castsShadow>	true	</castsShadow>
			</editorOnly>
			<reflectionVisible>	false	</reflectionVisible>
			<prefabTransform>
				<row0>	-0.741090 0.525024 0.418481	</row0>
				<row1>	-0.281543 0.322829 -0.903607	</row1>
				<row2>	-0.609514 -0.787479 -0.091429	</row2>
				<row3>	-5.593750 -0.731277 -3.268021	</row3>
			</prefabTransform>
		</model>
		<model>
			<resource>	flora/wheat/wheat_4_tris.model	</resource>
			<transform>
				<row0>	-0.890224 0.281289 0.358287	</row0>
				<row1>	-0.262070 0.327063 -0.907933	</row1>
				<row2>	-0.372574 -0.902163 -0.217442	</row2>
				<row3>	98.572968 203.050537 75.711708	</row3>
			</transform>
			<editorOnly>
				<castsShadow>	true	</castsShadow>
			</editorOnly>
			<reflectionVisible>	false	</reflectionVisible>
			<prefabTransform>
				<row0>	-0.890224 0.281289 0.358287	</row0>
				<row1>	-0.262070 0.327063 -0.907933	</row1>
				<row2>	-0.372574 -0.902163 -0.217442	</row2>
				<row3>	-6.054535 -0.622070 -3.192612	</row3>
			</prefabTransform>
		</model>
		<model>
			<resource>	flora/wheat/wheat_4_tris.model	</resource>
			<transform>
				<row0>	-0.749856 0.525587 0.401827	</row0>
				<row1>	-0.262165 0.321583 -0.909861	</row1>
				<row2>	-0.607433 -0.787612 -0.103349	</row2>
				<row3>	98.424713 203.248398 75.907448	</row3>
			</transform>
			<editorOnly>
				<castsShadow>	true	</castsShadow>
			</editorOnly>
			<reflectionVisible>	false	</reflectionVisible>
			<prefabTransform>
				<row0>	-0.749856 0.525587 0.401827	</row0>
				<row1>	-0.262165 0.321583 -0.909861	</row1>
				<row2>	-0.607433 -0.787612 -0.103349	</row2>
				<row3>	-6.202789 -0.424210 -2.996872	</row3>
			</prefabTransform>
		</model>
		<model>
			<resource>	flora/wheat/wheat_4_tris.model	</resource>
			<transform>
				<row0>	-0.890224 0.281289 0.358287	</row0>
				<row1>	-0.262070 0.327063 -0.907933	</row1>
				<row2>	-0.372574 -0.902163 -0.217442	</row2>
				<row3>	98.082855 203.154617 75.772163	</row3>
			</transform>
			<editorOnly>
				<castsShadow>	true	</castsShadow>
			</editorOnly>
			<reflectionVisible>	false	</reflectionVisible>
			<prefabTransform>
				<row0>	-0.890224 0.281289 0.358287	</row0>
				<row1>	-0.262070 0.327063 -0.907933	</row1>
				<row2>	-0.372574 -0.902163 -0.217442	</row2>
				<row3>	-6.544647 -0.517990 -3.132156	</row3>
			</prefabTransform>
		</model>
		<model>
			<resource>	flora/wheat/wheat_4_tris.model	</resource>
			<transform>
				<row0>	-0.882986 0.281429 0.375668	</row0>
				<row1>	-0.281551 0.322822 -0.903608	</row1>
				<row2>	-0.375575 -0.903646 -0.205812	</row2>
				<row3>	98.770416 203.036575 75.544044	</row3>
			</transform>
			<editorOnly>
				<castsShadow>	true	</castsShadow>
			</editorOnly>
			<reflectionVisible>	false	</reflectionVisible>
			<prefabTransform>
				<row0>	-0.882986 0.281429 0.375668	</row0>
				<row1>	-0.281551 0.322822 -0.903608	</row1>
				<row2>	-0.375575 -0.903646 -0.205812	</row2>
				<row3>	-5.857086 -0.636032 -3.360275	</row3>
			</prefabTransform>
		</model>
		<model>
			<resource>	flora/wheat/wheat_4_tris.model	</resource>
			<transform>
				<row0>	-1.413152 0.113855 0.368761	</row0>
				<row1>	0.116788 1.460240 -0.003307	</row1>
				<row2>	-0.367842 0.026206 -1.417725	</row2>
				<row3>	13.500580 205.328094 79.301804	</row3>
			</transform>
			<editorOnly>
				<castsShadow>	false	</castsShadow>
			</editorOnly>
			<reflectionVisible>	false	</reflectionVisible>
			<prefabTransform>
				<row0>	-1.413152 0.113855 0.368761	</row0>
				<row1>	0.116788 1.460240 -0.003307	</row1>
				<row2>	-0.367842 0.026206 -1.417725	</row2>
				<row3>	8.873108 1.655487 0.397484	</row3>
			</prefabTransform>
		</model>
		<model>
			<resource>	flora/wheat/wheat_4_tris.model	</resource>
			<transform>
				<row0>	1.145550 0.180660 2.014474	</row0>
				<row1>	-0.053031 2.317040 -0.177642	</row1>
				<row2>	-2.021862 0.041583 1.146020	</row2>
				<row3>	2.435272 203.291946 75.190201	</row3>
			</transform>
			<editorOnly>
				<castsShadow>	false	</castsShadow>
			</editorOnly>
			<reflectionVisible>	false	</reflectionVisible>
			<prefabTransform>
				<row0>	1.145550 0.180660 2.014474	</row0>
				<row1>	-0.053031 2.317040 -0.177642	</row1>
				<row2>	-2.021862 0.041583 1.146020	</row2>
				<row3>	-2.192230 -0.380661 -3.714119	</row3>
			</prefabTransform>
		</model>
		<model>
			<resource>	flora/wheat/wheat_4_tris.model	</resource>
			<transform>
				<row0>	1.408207 0.113856 0.387221	</row0>
				<row1>	-0.102795 1.460242 -0.055530	</row1>
				<row2>	-0.390302 0.026206 1.411710	</row2>
				<row3>	6.176819 203.701141 77.899689	</row3>
			</transform>
			<editorOnly>
				<castsShadow>	false	</castsShadow>
			</editorOnly>
			<reflectionVisible>	false	</reflectionVisible>
			<prefabTransform>
				<row0>	1.408207 0.113856 0.387221	</row0>
				<row1>	-0.102795 1.460242 -0.055530	</row1>
				<row2>	-0.390302 0.026206 1.411710	</row2>
				<row3>	1.549316 0.028534 -1.004631	</row3>
			</prefabTransform>
		</model>
		<model>
			<resource>	flora/wheat/wheat_4_tris.model	</resource>
			<transform>
				<row0>	1.408207 0.113856 0.387221	</row0>
				<row1>	-0.102795 1.460242 -0.055530	</row1>
				<row2>	-0.390302 0.026206 1.411710	</row2>
				<row3>	6.351196 203.697235 78.810776	</row3>
			</transform>
			<editorOnly>
				<castsShadow>	false	</castsShadow>
			</editorOnly>
			<reflectionVisible>	false	</reflectionVisible>
			<prefabTransform>
				<row0>	1.408207 0.113856 0.387221	</row0>
				<row1>	-0.102795 1.460242 -0.055530	</row1>
				<row2>	-0.390302 0.026206 1.411710	</row2>
				<row3>	1.723694 0.024628 -0.093544	</row3>
			</prefabTransform>
		</model>
		<model>
			<resource>	flora/wheat/wheat_4_tris.model	</resource>
			<transform>
				<row0>	-0.946725 0.092528 0.308448	</row0>
				<row1>	-0.262954 0.330796 -0.906323	</row1>
				<row2>	-0.185894 -0.939150 -0.288842	</row2>
				<row3>	97.972961 203.382889 75.236946	</row3>
			</transform>
			<editorOnly>
				<castsShadow>	true	</castsShadow>
			</editorOnly>
			<reflectionVisible>	false	</reflectionVisible>
			<prefabTransform>
				<row0>	-0.946725 0.092528 0.308448	</row0>
				<row1>	-0.262954 0.330796 -0.906323	</row1>
				<row2>	-0.185894 -0.939150 -0.288842	</row2>
				<row3>	-6.654541 -0.289719 -3.667374	</row3>
			</prefabTransform>
		</model>
		<model>
			<resource>	flora/wheat/wheat_4_tris.model	</resource>
			<transform>
				<row0>	0.721946 0.113855 1.269557	</row0>
				<row1>	-0.033421 1.460239 -0.111953	</row1>
				<row2>	-1.274212 0.026206 0.722242	</row2>
				<row3>	9.400360 204.569305 77.640808	</row3>
			</transform>
			<editorOnly>
				<castsShadow>	false	</castsShadow>
			</editorOnly>
			<reflectionVisible>	false	</reflectionVisible>
			<prefabTransform>
				<row0>	0.721946 0.113855 1.269557	</row0>
				<row1>	-0.033421 1.460239 -0.111953	</row1>
				<row2>	-1.274212 0.026206 0.722242	</row2>
				<row3>	4.772858 0.896698 -1.263512	</row3>
			</prefabTransform>
		</model>
		<model>
			<resource>	flora/wheat/wheat_4_tris.model	</resource>
			<transform>
				<row0>	-0.946725 0.092528 0.308448	</row0>
				<row1>	-0.262954 0.330796 -0.906323	</row1>
				<row2>	-0.185894 -0.939150 -0.288842	</row2>
				<row3>	98.476624 203.373184 75.206032	</row3>
			</transform>
			<editorOnly>
				<castsShadow>	true	</castsShadow>
			</editorOnly>
			<reflectionVisible>	false	</reflectionVisible>
			<prefabTransform>
				<row0>	-0.946725 0.092528 0.308448	</row0>
				<row1>	-0.262954 0.330796 -0.906323	</row1>
				<row2>	-0.185894 -0.939150 -0.288842	</row2>
				<row3>	-6.150879 -0.299423 -3.698288	</row3>
			</prefabTransform>
		</model>
		<model>
			<resource>	flora/wheat/wheat_4_tris.model	</resource>
			<transform>
				<row0>	0.982162 0.154893 1.727153	</row0>
				<row1>	-0.045467 1.986565 -0.152305	</row1>
				<row2>	-1.733487 0.035652 0.982565	</row2>
				<row3>	5.681488 203.885696 75.881805	</row3>
			</transform>
			<editorOnly>
				<castsShadow>	false	</castsShadow>
			</editorOnly>
			<reflectionVisible>	false	</reflectionVisible>
			<prefabTransform>
				<row0>	0.982162 0.154893 1.727153	</row0>
				<row1>	-0.045467 1.986565 -0.152305	</row1>
				<row2>	-1.733487 0.035652 0.982565	</row2>
				<row3>	1.053986 0.213089 -3.022514	</row3>
			</prefabTransform>
		</model>
		<model>
			<resource>	flora/wheat/wheat_4_tris.model	</resource>
			<transform>
				<row0>	-0.940694 0.092880 0.326281	</row0>
				<row1>	-0.281539 0.322838 -0.903604	</row1>
				<row2>	-0.189261 -0.941881 -0.277544	</row2>
				<row3>	98.682953 203.405685 75.052223	</row3>
			</transform>
			<editorOnly>
				<castsShadow>	true	</castsShadow>
			</editorOnly>
			<reflectionVisible>	false	</reflectionVisible>
			<prefabTransform>
				<row0>	-0.940694 0.092880 0.326281	</row0>
				<row1>	-0.281539 0.322838 -0.903604	</row1>
				<row2>	-0.189261 -0.941881 -0.277544	</row2>
				<row3>	-5.944550 -0.266922 -3.852097	</row3>
			</prefabTransform>
		</model>
		<model>
			<resource>	flora/wheat/wheat_4_tris.model	</resource>
			<transform>
				<row0>	-0.953783 -0.197132 0.226784	</row0>
				<row1>	-0.281577 0.322837 -0.903595	</row1>
				<row2>	0.104915 -0.925693 -0.363425	</row2>
				<row3>	98.878540 203.276505 75.066841	</row3>
			</transform>
			<editorOnly>
				<castsShadow>	true	</castsShadow>
			</editorOnly>
			<reflectionVisible>	false	</reflectionVisible>
			<prefabTransform>
				<row0>	-0.953783 -0.197132 0.226784	</row0>
				<row1>	-0.281577 0.322837 -0.903595	</row1>
				<row2>	0.104915 -0.925693 -0.363425	</row2>
				<row3>	-5.748962 -0.396103 -3.837479	</row3>
			</prefabTransform>
		</model>
		<model>
			<resource>	flora/wheat/wheat_4_tris.model	</resource>
			<transform>
				<row0>	-0.957923 -0.197329 0.208417	</row0>
				<row1>	-0.265776 0.335742 -0.903678	</row1>
				<row2>	0.108348 -0.921049 -0.374060	</row2>
				<row3>	98.677002 203.174454 75.194221	</row3>
			</transform>
			<editorOnly>
				<castsShadow>	true	</castsShadow>
			</editorOnly>
			<reflectionVisible>	false	</reflectionVisible>
			<prefabTransform>
				<row0>	-0.957923 -0.197329 0.208417	</row0>
				<row1>	-0.265776 0.335742 -0.903678	</row1>
				<row2>	0.108348 -0.921049 -0.374060	</row2>
				<row3>	-5.950500 -0.498154 -3.710098	</row3>
			</prefabTransform>
		</model>
		<model>
			<resource>	flora/wheat/wheat_4_tris.model	</resource>
			<transform>
				<row0>	0.721946 0.113855 1.269557	</row0>
				<row1>	-0.033421 1.460239 -0.111953	</row1>
				<row2>	-1.274212 0.026206 0.722242	</row2>
				<row3>	13.303925 205.346649 77.593719	</row3>
			</transform>
			<editorOnly>
				<castsShadow>	false	</castsShadow>
			</editorOnly>
			<reflectionVisible>	false	</reflectionVisible>
			<prefabTransform>
				<row0>	0.721946 0.113855 1.269557	</row0>
				<row1>	-0.033421 1.460239 -0.111953	</row1>
				<row2>	-1.274212 0.026206 0.722242	</row2>
				<row3>	8.676453 1.674042 -1.310600	</row3>
			</prefabTransform>
		</model>
		<model>
			<resource>	sets/temperate/props/fd_haystack.model	</resource>
			<transform>
				<row0>	-0.000307 -0.060060 0.998194	</row0>
				<row1>	0.010224 0.998142 0.060060	</row1>
				<row2>	-0.999947 0.010224 0.000307	</row2>
				<row3>	2.007843 202.541962 71.108963	</row3>
			</transform>
			<editorOnly>
				<castsShadow>	true	</castsShadow>
			</editorOnly>
			<reflectionVisible>	false	</reflectionVisible>
			<prefabTransform>
				<row0>	-0.000307 -0.060060 0.998194	</row0>
				<row1>	0.010224 0.998142 0.060060	</row1>
				<row2>	-0.999947 0.010224 0.000307	</row2>
				<row3>	-2.619659 -1.130646 -7.795357	</row3>
			</prefabTransform>
		</model>
		<model>
			<resource>	sets/temperate/props/fd_fence_wood01.model	</resource>
			<transform>
				<row0>	1.032485 0.103614 -0.172983	</row0>
				<row1>	-0.098534 0.995101 0.007928	</row1>
				<row2>	0.164409 0.008422 0.986356	</row2>
				<row3>	2.237244 202.648407 69.550110	</row3>
			</transform>
			<editorOnly>
				<castsShadow>	true	</castsShadow>
			</editorOnly>
			<reflectionVisible>	false	</reflectionVisible>
			<prefabTransform>
				<row0>	1.032485 0.103614 -0.172983	</row0>
				<row1>	-0.098534 0.995101 0.007928	</row1>
				<row2>	0.164409 0.008422 0.986356	</row2>
				<row3>	-2.390259 -1.024200 -9.354210	</row3>
			</prefabTransform>
		</model>
		<model>
			<resource>	sets/temperate/props/fd_haystack.model	</resource>
			<transform>
				<row0>	0.705613 -0.060060 0.706047	</row0>
				<row1>	0.049698 0.998142 0.035239	</row1>
				<row2>	-0.706852 0.010224 0.707287	</row2>
				<row3>	3.451538 202.456024 71.000717	</row3>
			</transform>
			<editorOnly>
				<castsShadow>	true	</castsShadow>
			</editorOnly>
			<reflectionVisible>	false	</reflectionVisible>
			<prefabTransform>
				<row0>	0.705613 -0.060060 0.706047	</row0>
				<row1>	0.049698 0.998142 0.035239	</row1>
				<row2>	-0.706852 0.010224 0.707287	</row2>
				<row3>	-1.175964 -1.216583 -7.903603	</row3>
			</prefabTransform>
		</model>
		<model>
			<resource>	sets/temperate/props/fd_fence_wood02.model	</resource>
			<transform>
				<row0>	0.977694 0.152074 -0.144869	</row0>
				<row1>	-0.158872 0.986624 -0.036503	</row1>
				<row2>	0.137380 0.058704 0.988777	</row2>
				<row3>	12.079559 205.332001 86.766960	</row3>
			</transform>
			<editorOnly>
				<castsShadow>	true	</castsShadow>
			</editorOnly>
			<reflectionVisible>	false	</reflectionVisible>
			<prefabTransform>
				<row0>	0.977694 0.152074 -0.144869	</row0>
				<row1>	-0.158872 0.986624 -0.036503	</row1>
				<row2>	0.137380 0.058704 0.988777	</row2>
				<row3>	7.452087 1.659393 7.862640	</row3>
			</prefabTransform>
		</model>
		<model>
			<resource>	sets/temperate/props/fd_fence_wood03.model	</resource>
			<transform>
				<row0>	-0.935762 -0.254642 0.243942	</row0>
				<row1>	-0.259550 0.965650 0.012372	</row1>
				<row2>	-0.238714 -0.051738 -0.969711	</row2>
				<row3>	17.086395 205.103485 85.912437	</row3>
			</transform>
			<editorOnly>
				<castsShadow>	true	</castsShadow>
			</editorOnly>
			<reflectionVisible>	false	</reflectionVisible>
			<prefabTransform>
				<row0>	-0.935762 -0.254642 0.243942	</row0>
				<row1>	-0.259550 0.965650 0.012372	</row1>
				<row2>	-0.238714 -0.051738 -0.969711	</row2>
				<row3>	12.458923 1.430878 7.008118	</row3>
			</prefabTransform>
		</model>
		<model>
			<resource>	sets/temperate/props/fd_fence_wood01.model	</resource>
			<transform>
				<row0>	-0.092323 -0.012425 -1.059291	</row0>
				<row1>	-0.271034 0.962488 0.012332	</row1>
				<row2>	0.958655 0.271065 -0.086731	</row2>
				<row3>	19.083954 205.837860 81.671501	</row3>
			</transform>
			<editorOnly>
				<castsShadow>	true	</castsShadow>
			</editorOnly>
			<reflectionVisible>	false	</reflectionVisible>
			<prefabTransform>
				<row0>	-0.092323 -0.012425 -1.059291	</row0>
				<row1>	-0.271034 0.962488 0.012332	</row1>
				<row2>	0.958655 0.271065 -0.086731	</row2>
				<row3>	14.456482 2.165253 2.767181	</row3>
			</prefabTransform>
		</model>
	</items>
	<boundingBox>
		<min>	-7.498932 -1.463806 -10.716164	</min>
		<max>	15.417419 4.080185 11.940109	</max>
	</boundingBox>
	<snaps>
		<position>	0.000000 0.000000 0.000000	</position>
		<angle>	0.000000	</angle>
	</snaps>
</farm_wheet01.prefab>
