<tables_frence01.prefab>
	<chunks>	</chunks>
	<items>
		<model>
			<resource>	sets/temperate/props/fd_fence_wood01.model	</resource>
			<transform>
				<row0>	0.472880 -0.000001 -0.516123	</row0>
				<row1>	0.000000 0.700000 0.000000	</row1>
				<row2>	0.516122 0.000001 0.472882	</row2>
				<row3>	71.121353 71.379951 77.826859	</row3>
			</transform>
			<reflectionVisible>	false	</reflectionVisible>
			<prefabTransform>
				<row0>	0.472880 -0.000001 -0.516123	</row0>
				<row1>	0.000000 0.700000 0.000000	</row1>
				<row2>	0.516122 0.000001 0.472882	</row2>
				<row3>	-1.223877 -0.295860 -2.912186	</row3>
			</prefabTransform>
		</model>
		<model>
			<resource>	sets/temperate/props/fd_fence_wood01.model	</resource>
			<transform>
				<row0>	0.025305 -0.041978 -0.698281	</row0>
				<row1>	-0.185692 0.673268 -0.047203	</row1>
				<row2>	0.674446 0.186945 0.013205	</row2>
				<row3>	70.166145 71.281967 81.798264	</row3>
			</transform>
			<reflectionVisible>	false	</reflectionVisible>
			<prefabTransform>
				<row0>	0.025305 -0.041978 -0.698281	</row0>
				<row1>	-0.185692 0.673268 -0.047203	</row1>
				<row2>	0.674446 0.186945 0.013205	</row2>
				<row3>	-2.179085 -0.393845 1.059219	</row3>
			</prefabTransform>
		</model>
		<model>
			<resource>	sets/temperate/props/fd_fence_wood01.model	</resource>
			<transform>
				<row0>	0.487257 -0.000001 -0.081126	</row0>
				<row1>	0.000000 0.700001 0.000000	</row1>
				<row2>	0.114964 0.000002 0.690497	</row2>
				<row3>	74.149239 71.379982 76.091202	</row3>
			</transform>
			<reflectionVisible>	false	</reflectionVisible>
			<prefabTransform>
				<row0>	0.487257 -0.000001 -0.081126	</row0>
				<row1>	0.000000 0.700001 0.000000	</row1>
				<row2>	0.114964 0.000002 0.690497	</row2>
				<row3>	1.804008 -0.295830 -4.647842	</row3>
			</prefabTransform>
		</model>
		<model>
			<resource>	sets/temperate/props/fd_fence_wood01.model	</resource>
			<transform>
				<row0>	-0.039238 -0.017219 -0.698686	</row0>
				<row1>	0.020587 0.699455 -0.018393	</row1>
				<row2>	0.698596 -0.021578 -0.038700	</row2>
				<row3>	70.053314 71.354759 86.346161	</row3>
			</transform>
			<reflectionVisible>	false	</reflectionVisible>
			<prefabTransform>
				<row0>	-0.039238 -0.017219 -0.698686	</row0>
				<row1>	0.020587 0.699455 -0.018393	</row1>
				<row2>	0.698596 -0.021578 -0.038700	</row2>
				<row3>	-2.291916 -0.321053 5.607117	</row3>
			</prefabTransform>
		</model>
		<model>
			<resource>	sets/town/props/t_stool.model	</resource>
			<transform>
				<row0>	-0.194698 -0.151196 -0.969139	</row0>
				<row1>	0.978341 0.040870 -0.202923	</row1>
				<row2>	0.070289 -0.987657 0.139964	</row2>
				<row3>	71.174385 71.533424 81.819336	</row3>
			</transform>
			<editorOnly>
				<castsShadow>	true	</castsShadow>
			</editorOnly>
			<reflectionVisible>	false	</reflectionVisible>
			<prefabTransform>
				<row0>	-0.194698 -0.151196 -0.969139	</row0>
				<row1>	0.978341 0.040870 -0.202923	</row1>
				<row2>	0.070289 -0.987657 0.139964	</row2>
				<row3>	-1.170845 -0.142387 1.080292	</row3>
			</prefabTransform>
		</model>
		<model>
			<resource>	sets/town/props/table_indoor/model/table_indoor.model	</resource>
			<transform>
				<row0>	0.866025 0.000000 0.500000	</row0>
				<row1>	0.000000 0.999999 0.000000	</row1>
				<row2>	-0.500000 0.000000 0.866025	</row2>
				<row3>	73.178940 71.363823 78.605621	</row3>
			</transform>
			<editorOnly>
				<castsShadow>	true	</castsShadow>
			</editorOnly>
			<reflectionVisible>	false	</reflectionVisible>
			<prefabTransform>
				<row0>	0.866025 0.000000 0.500000	</row0>
				<row1>	0.000000 0.999999 0.000000	</row1>
				<row2>	-0.500000 0.000000 0.866025	</row2>
				<row3>	0.833710 -0.311989 -2.133423	</row3>
			</prefabTransform>
		</model>
		<model>
			<resource>	sets/town/props/barrels/model/barrel.model	</resource>
			<transform>
				<row0>	0.000000 0.000000 -1.000000	</row0>
				<row1>	0.000000 1.000000 0.000000	</row1>
				<row2>	1.000000 0.000000 0.000000	</row2>
				<row3>	71.079498 71.378876 83.257050	</row3>
			</transform>
			<editorOnly>
				<castsShadow>	true	</castsShadow>
			</editorOnly>
			<reflectionVisible>	false	</reflectionVisible>
			<prefabTransform>
				<row0>	0.000000 0.000000 -1.000000	</row0>
				<row1>	0.000000 1.000000 0.000000	</row1>
				<row2>	1.000000 0.000000 0.000000	</row2>
				<row3>	-1.265732 -0.296936 2.518005	</row3>
			</prefabTransform>
		</model>
		<model>
			<resource>	sets/town/props/bench/model/bench.model	</resource>
			<transform>
				<row0>	0.258819 0.000000 -0.965925	</row0>
				<row1>	0.000000 1.000000 0.000000	</row1>
				<row2>	0.965925 0.000000 0.258819	</row2>
				<row3>	72.095741 71.378960 82.929474	</row3>
			</transform>
			<editorOnly>
				<castsShadow>	true	</castsShadow>
			</editorOnly>
			<reflectionVisible>	false	</reflectionVisible>
			<prefabTransform>
				<row0>	0.258819 0.000000 -0.965925	</row0>
				<row1>	0.000000 1.000000 0.000000	</row1>
				<row2>	0.965925 0.000000 0.258819	</row2>
				<row3>	-0.249489 -0.296852 2.190430	</row3>
			</prefabTransform>
		</model>
		<model>
			<resource>	sets/temperate/props/pot_large.model	</resource>
			<transform>
				<row0>	-0.354202 0.000000 0.000000	</row0>
				<row1>	0.000000 0.354202 0.000000	</row1>
				<row2>	0.000000 0.000000 -0.354202	</row2>
				<row3>	74.363655 71.379959 76.938629	</row3>
			</transform>
			<editorOnly>
				<castsShadow>	true	</castsShadow>
			</editorOnly>
			<reflectionVisible>	false	</reflectionVisible>
			<prefabTransform>
				<row0>	-0.354202 0.000000 0.000000	</row0>
				<row1>	0.000000 0.354202 0.000000	</row1>
				<row2>	0.000000 0.000000 -0.354202	</row2>
				<row3>	2.018425 -0.295853 -3.800415	</row3>
			</prefabTransform>
		</model>
		<speedtree>
			<spt>	speedtree/shrubs_flowers/elephant_ear/ElephantEar_RT.spt	</spt>
			<seed>	1	</seed>
			<transform>
				<row0>	-0.120637 0.000000 -0.043908	</row0>
				<row1>	0.000000 0.128379 0.000000	</row1>
				<row2>	0.043908 0.000000 -0.120637	</row2>
				<row3>	74.297440 72.078613 76.887772	</row3>
			</transform>
			<reflectionVisible>	false	</reflectionVisible>
			<editorOnly>
				<castsShadow>	true	</castsShadow>
			</editorOnly>
			<prefabTransform>
				<row0>	-0.120637 0.000000 -0.043908	</row0>
				<row1>	0.000000 0.128379 0.000000	</row1>
				<row2>	0.043908 0.000000 -0.120637	</row2>
				<row3>	1.952209 0.402802 -3.851273	</row3>
			</prefabTransform>
		</speedtree>
		<model>
			<resource>	sets/temperate/props/fd_fence_wood01.model	</resource>
			<transform>
				<row0>	-0.214068 -0.124139 -0.654801	</row0>
				<row1>	-0.117407 0.684018 -0.091294	</row1>
				<row2>	0.656042 0.081908 -0.230000	</row2>
				<row3>	70.794304 71.934982 90.724182	</row3>
			</transform>
			<reflectionVisible>	false	</reflectionVisible>
			<prefabTransform>
				<row0>	-0.214068 -0.124139 -0.654801	</row0>
				<row1>	-0.117407 0.684018 -0.091294	</row1>
				<row2>	0.656042 0.081908 -0.230000	</row2>
				<row3>	-1.550926 0.259171 9.985138	</row3>
			</prefabTransform>
		</model>
		<model>
			<resource>	sets/items/grail.model	</resource>
			<transform>
				<row0>	-0.999762 -0.021781 0.000146	</row0>
				<row1>	-0.021781 0.999684 -0.012515	</row1>
				<row2>	0.000126 -0.012516 -0.999921	</row2>
				<row3>	73.173477 72.343109 79.165283	</row3>
			</transform>
			<editorOnly>
				<castsShadow>	true	</castsShadow>
			</editorOnly>
			<reflectionVisible>	false	</reflectionVisible>
			<prefabTransform>
				<row0>	-0.999762 -0.021781 0.000146	</row0>
				<row1>	-0.021781 0.999684 -0.012515	</row1>
				<row2>	0.000126 -0.012516 -0.999921	</row2>
				<row3>	0.828247 0.667297 -1.573761	</row3>
			</prefabTransform>
		</model>
		<model>
			<resource>	sets/items/grail.model	</resource>
			<transform>
				<row0>	-0.999912 -0.013211 0.000064	</row0>
				<row1>	-0.013211 0.999873 -0.008905	</row1>
				<row2>	0.000053 -0.008906 -0.999961	</row2>
				<row3>	73.372612 72.347168 79.149109	</row3>
			</transform>
			<editorOnly>
				<castsShadow>	true	</castsShadow>
			</editorOnly>
			<reflectionVisible>	false	</reflectionVisible>
			<prefabTransform>
				<row0>	-0.999912 -0.013211 0.000064	</row0>
				<row1>	-0.013211 0.999873 -0.008905	</row1>
				<row2>	0.000053 -0.008906 -0.999961	</row2>
				<row3>	1.027382 0.671356 -1.589935	</row3>
			</prefabTransform>
		</model>
		<model>
			<resource>	sets/town/props/pot/model/pot.model	</resource>
			<transform>
				<row0>	-0.300086 -0.002197 -0.173258	</row0>
				<row1>	-0.001476 0.346511 -0.001838	</row1>
				<row2>	0.173267 -0.000854 -0.300089	</row2>
				<row3>	73.813080 72.325851 78.807617	</row3>
			</transform>
			<editorOnly>
				<castsShadow>	true	</castsShadow>
			</editorOnly>
			<reflectionVisible>	false	</reflectionVisible>
			<prefabTransform>
				<row0>	-0.300086 -0.002197 -0.173258	</row0>
				<row1>	-0.001476 0.346511 -0.001838	</row1>
				<row2>	0.173267 -0.000854 -0.300089	</row2>
				<row3>	1.467850 0.650040 -1.931427	</row3>
			</prefabTransform>
		</model>
	</items>
	<boundingBox>
		<min>	-3.267195 -0.733696 -5.471939	</min>
		<max>	3.450144 1.943817 12.426788	</max>
	</boundingBox>
	<snaps>
		<position>	0.000000 0.000000 0.000000	</position>
		<angle>	0.000000	</angle>
	</snaps>
</tables_frence01.prefab>
