<trees_felling03.prefab>
	<chunks>	</chunks>
	<items>
		<model>
			<resource>	sets/temperate/props/woodpile.model	</resource>
			<transform>
				<row0>	0.691631 0.000000 0.000000	</row0>
				<row1>	0.000000 0.691631 0.000000	</row1>
				<row2>	0.000000 0.000000 0.691631	</row2>
				<row3>	90.231384 207.226563 23.579956	</row3>
			</transform>
			<reflectionVisible>	false	</reflectionVisible>
			<prefabTransform>
				<row0>	0.691631 0.000000 0.000000	</row0>
				<row1>	0.000000 0.691631 0.000000	</row1>
				<row2>	0.000000 0.000000 0.691631	</row2>
				<row3>	-2.758972 -0.470154 -2.458595	</row3>
			</prefabTransform>
		</model>
		<model>
			<resource>	sets/town/props/axe.model	</resource>
			<transform>
				<row0>	1.000000 0.000000 0.000000	</row0>
				<row1>	0.000000 1.000000 0.000000	</row1>
				<row2>	0.000000 0.000000 1.000000	</row2>
				<row3>	90.871582 207.234375 22.856125	</row3>
			</transform>
			<reflectionVisible>	false	</reflectionVisible>
			<prefabTransform>
				<row0>	1.000000 0.000000 0.000000	</row0>
				<row1>	0.000000 1.000000 0.000000	</row1>
				<row2>	0.000000 0.000000 1.000000	</row2>
				<row3>	-2.118774 -0.462341 -3.182426	</row3>
			</prefabTransform>
		</model>
		<speedtree>
			<spt>	speedtree/shrubs_flowers/boston_fern/BostonFern_RT.spt	</spt>
			<seed>	1	</seed>
			<transform>
				<row0>	-0.125836 -0.049206 -0.224556	</row0>
				<row1>	-0.006574 0.256663 -0.052558	</row1>
				<row2>	0.229790 -0.019603 -0.124474	</row2>
				<row3>	92.899597 207.283951 22.195938	</row3>
			</transform>
			<reflectionVisible>	false	</reflectionVisible>
			<prefabTransform>
				<row0>	-0.125836 -0.049206 -0.224556	</row0>
				<row1>	-0.006574 0.256663 -0.052558	</row1>
				<row2>	0.229790 -0.019603 -0.124474	</row2>
				<row3>	-0.090759 -0.412766 -3.842613	</row3>
			</prefabTransform>
		</speedtree>
		<model>
			<resource>	sets/temperate/props/tree_trunk_01.model	</resource>
			<transform>
				<row0>	0.686718 0.000000 1.294097	</row0>
				<row1>	0.000000 1.465015 0.000000	</row1>
				<row2>	-1.294097 0.000000 0.686718	</row2>
				<row3>	93.892273 207.656250 24.850922	</row3>
			</transform>
			<reflectionVisible>	false	</reflectionVisible>
			<prefabTransform>
				<row0>	0.686718 0.000000 1.294097	</row0>
				<row1>	0.000000 1.465015 0.000000	</row1>
				<row2>	-1.294097 0.000000 0.686718	</row2>
				<row3>	0.901917 -0.040466 -1.187630	</row3>
			</prefabTransform>
		</model>
		<model>
			<editorOnly>
				<hidden>	false	</hidden>
				<frozen>	false	</frozen>
				<castsShadow>	true	</castsShadow>
			</editorOnly>
			<resource>	sets/temperate/props/mushrooms/mushroom01_cluster.model	</resource>
			<transform>
				<row0>	-0.866025 0.000000 -0.499999	</row0>
				<row1>	0.000000 1.000000 0.000000	</row1>
				<row2>	0.499999 0.000000 -0.866025	</row2>
				<row3>	90.089081 207.476532 27.283142	</row3>
			</transform>
			<reflectionVisible>	false	</reflectionVisible>
			<prefabTransform>
				<row0>	-0.866025 0.000000 -0.499999	</row0>
				<row1>	0.000000 1.000000 0.000000	</row1>
				<row2>	0.499999 0.000000 -0.866025	</row2>
				<row3>	-2.901306 -0.220184 1.244598	</row3>
			</prefabTransform>
		</model>
		<model>
			<editorOnly>
				<hidden>	false	</hidden>
				<frozen>	false	</frozen>
				<castsShadow>	true	</castsShadow>
			</editorOnly>
			<resource>	sets/temperate/props/mushrooms/mushroom02_single.model	</resource>
			<transform>
				<row0>	0.110250 -0.131926 -0.843597	</row0>
				<row1>	0.017096 0.850771 -0.130813	</row1>
				<row2>	0.853679 0.000000 0.111568	</row2>
				<row3>	92.755463 207.748016 25.742203	</row3>
			</transform>
			<reflectionVisible>	false	</reflectionVisible>
			<prefabTransform>
				<row0>	0.110250 -0.131926 -0.843597	</row0>
				<row1>	0.017096 0.850771 -0.130813	</row1>
				<row2>	0.853679 0.000000 0.111568	</row2>
				<row3>	-0.234924 0.051300 -0.296341	</row3>
			</prefabTransform>
		</model>
		<model>
			<editorOnly>
				<hidden>	false	</hidden>
				<frozen>	false	</frozen>
				<castsShadow>	true	</castsShadow>
			</editorOnly>
			<resource>	sets/temperate/props/mushrooms/mushroom02_single.model	</resource>
			<transform>
				<row0>	-0.999999 0.000000 0.000000	</row0>
				<row1>	0.000000 1.986853 0.228935	</row1>
				<row2>	0.000000 0.114468 -0.993426	</row2>
				<row3>	93.354218 207.842743 25.412308	</row3>
			</transform>
			<reflectionVisible>	false	</reflectionVisible>
			<prefabTransform>
				<row0>	-0.999999 0.000000 0.000000	</row0>
				<row1>	0.000000 1.986853 0.228935	</row1>
				<row2>	0.000000 0.114468 -0.993426	</row2>
				<row3>	0.363831 0.146027 -0.626236	</row3>
			</prefabTransform>
		</model>
		<model>
			<resource>	sets/temperate/props/tree_trunk_01.model	</resource>
			<transform>
				<row0>	0.686718 0.000000 1.294097	</row0>
				<row1>	0.000000 1.465015 0.000000	</row1>
				<row2>	-1.294097 0.000000 0.686718	</row2>
				<row3>	90.405640 207.671875 29.591988	</row3>
			</transform>
			<reflectionVisible>	false	</reflectionVisible>
			<prefabTransform>
				<row0>	0.686718 0.000000 1.294097	</row0>
				<row1>	0.000000 1.465015 0.000000	</row1>
				<row2>	-1.294097 0.000000 0.686718	</row2>
				<row3>	-2.584717 -0.024841 3.553436	</row3>
			</prefabTransform>
		</model>
		<speedtree>
			<editorOnly>
				<hidden>	false	</hidden>
				<frozen>	false	</frozen>
				<castsShadow>	true	</castsShadow>
			</editorOnly>
			<spt>	speedtree/shrubs_flowers/boston_fern/BostonFern_RT.spt	</spt>
			<seed>	1	</seed>
			<transform>
				<row0>	-0.193722 0.036740 -0.334576	</row0>
				<row1>	0.004954 0.386303 0.039552	</row1>
				<row2>	0.336551 0.015462 -0.193167	</row2>
				<row3>	90.850800 207.782196 28.144379	</row3>
			</transform>
			<reflectionVisible>	false	</reflectionVisible>
			<prefabTransform>
				<row0>	-0.193722 0.036740 -0.334576	</row0>
				<row1>	0.004954 0.386303 0.039552	</row1>
				<row2>	0.336551 0.015462 -0.193167	</row2>
				<row3>	-2.139587 0.085480 2.105835	</row3>
			</prefabTransform>
		</speedtree>
		<model>
			<resource>	sets/temperate/props/tree_trunk_01.model	</resource>
			<transform>
				<row0>	1.000000 0.000000 0.000000	</row0>
				<row1>	0.000000 1.000000 0.000000	</row1>
				<row2>	0.000000 0.000000 1.000000	</row2>
				<row3>	95.066956 208.195313 28.860901	</row3>
			</transform>
			<reflectionVisible>	false	</reflectionVisible>
			<prefabTransform>
				<row0>	1.000000 0.000000 0.000000	</row0>
				<row1>	0.000000 1.000000 0.000000	</row1>
				<row2>	0.000000 0.000000 1.000000	</row2>
				<row3>	2.076599 0.498596 2.822350	</row3>
			</prefabTransform>
		</model>
		<model>
			<editorOnly>
				<hidden>	false	</hidden>
				<frozen>	false	</frozen>
				<castsShadow>	true	</castsShadow>
			</editorOnly>
			<resource>	sets/temperate/props/mushrooms/mushroom02_single.model	</resource>
			<transform>
				<row0>	-0.866024 0.000000 0.499999	</row0>
				<row1>	0.114467 1.986851 0.198263	</row1>
				<row2>	-0.496713 0.114468 -0.860332	</row2>
				<row3>	99.177734 208.354462 25.747543	</row3>
			</transform>
			<reflectionVisible>	false	</reflectionVisible>
			<prefabTransform>
				<row0>	-0.866024 0.000000 0.499999	</row0>
				<row1>	0.114467 1.986851 0.198263	</row1>
				<row2>	-0.496713 0.114468 -0.860332	</row2>
				<row3>	6.187317 0.657745 -0.290993	</row3>
			</prefabTransform>
		</model>
		<model>
			<editorOnly>
				<hidden>	false	</hidden>
				<frozen>	false	</frozen>
				<castsShadow>	true	</castsShadow>
			</editorOnly>
			<resource>	sets/temperate/props/mushrooms/mushroom02_single.model	</resource>
			<transform>
				<row0>	-0.326319 -0.131926 -0.785701	</row0>
				<row1>	-0.050601 0.850771 -0.121835	</row1>
				<row2>	0.795091 0.000000 -0.330219	</row2>
				<row3>	98.824219 208.415985 26.332611	</row3>
			</transform>
			<reflectionVisible>	false	</reflectionVisible>
			<prefabTransform>
				<row0>	-0.326319 -0.131926 -0.785701	</row0>
				<row1>	-0.050601 0.850771 -0.121835	</row1>
				<row2>	0.795091 0.000000 -0.330219	</row2>
				<row3>	5.833801 0.719269 0.294075	</row3>
			</prefabTransform>
		</model>
		<model>
			<resource>	sets/temperate/props/tree_trunk_01.model	</resource>
			<transform>
				<row0>	0.029943 0.078498 0.996465	</row0>
				<row1>	0.021498 0.996630 -0.079156	</row1>
				<row2>	-0.999320 0.023792 0.028155	</row2>
				<row3>	99.436218 208.447372 26.746109	</row3>
			</transform>
			<reflectionVisible>	false	</reflectionVisible>
			<prefabTransform>
				<row0>	0.029943 0.078498 0.996465	</row0>
				<row1>	0.021498 0.996630 -0.079156	</row1>
				<row2>	-0.999320 0.023792 0.028155	</row2>
				<row3>	6.445862 0.750656 0.707558	</row3>
			</prefabTransform>
		</model>
		<model>
			<resource>	sets/temperate/props/woodpile.model	</resource>
			<transform>
				<row0>	0.944986 0.000000 -0.327111	</row0>
				<row1>	0.000000 1.000000 0.000000	</row1>
				<row2>	0.327111 0.000000 0.944986	</row2>
				<row3>	98.600098 207.867188 23.278580	</row3>
			</transform>
			<reflectionVisible>	false	</reflectionVisible>
			<prefabTransform>
				<row0>	0.944986 0.000000 -0.327111	</row0>
				<row1>	0.000000 1.000000 0.000000	</row1>
				<row2>	0.327111 0.000000 0.944986	</row2>
				<row3>	5.609741 0.170471 -2.759972	</row3>
			</prefabTransform>
		</model>
		<model>
			<resource>	sets/temperate/props/mushrooms/mushroom01_cluster.model	</resource>
			<transform>
				<row0>	0.258819 0.000000 -0.965926	</row0>
				<row1>	0.000000 1.000000 0.000000	</row1>
				<row2>	0.965926 0.000000 0.258819	</row2>
				<row3>	2.368042 208.444305 24.831444	</row3>
			</transform>
			<editorOnly>
				<castsShadow>	true	</castsShadow>
			</editorOnly>
			<reflectionVisible>	false	</reflectionVisible>
			<prefabTransform>
				<row0>	0.258819 0.000000 -0.965926	</row0>
				<row1>	0.000000 1.000000 0.000000	</row1>
				<row2>	0.965926 0.000000 0.258819	</row2>
				<row3>	9.377686 0.747589 -1.207108	</row3>
			</prefabTransform>
		</model>
		<model>
			<resource>	sets/temperate/props/mushrooms/mushroom03_cluster.model	</resource>
			<transform>
				<row0>	0.998309 0.024660 0.052625	</row0>
				<row1>	-0.024159 0.999656 -0.010119	</row1>
				<row2>	-0.052857 0.008830 0.998563	</row2>
				<row3>	5.127625 208.662079 24.223053	</row3>
			</transform>
			<editorOnly>
				<castsShadow>	true	</castsShadow>
			</editorOnly>
			<reflectionVisible>	false	</reflectionVisible>
			<prefabTransform>
				<row0>	0.998309 0.024660 0.052625	</row0>
				<row1>	-0.024159 0.999656 -0.010119	</row1>
				<row2>	-0.052857 0.008830 0.998563	</row2>
				<row3>	12.137268 0.965363 -1.815498	</row3>
			</prefabTransform>
		</model>
		<model>
			<editorOnly>
				<hidden>	false	</hidden>
				<frozen>	false	</frozen>
				<castsShadow>	true	</castsShadow>
			</editorOnly>
			<resource>	sets/temperate/props/tree_trunk_01.model	</resource>
			<transform>
				<row0>	-0.999999 0.000000 0.000000	</row0>
				<row1>	0.000000 0.999999 0.000000	</row1>
				<row2>	0.000000 0.000000 -0.999999	</row2>
				<row3>	85.872650 206.942352 27.321854	</row3>
			</transform>
			<reflectionVisible>	false	</reflectionVisible>
			<prefabTransform>
				<row0>	-0.999999 0.000000 0.000000	</row0>
				<row1>	0.000000 0.999999 0.000000	</row1>
				<row2>	0.000000 0.000000 -0.999999	</row2>
				<row3>	-7.117737 -0.754364 1.283310	</row3>
			</prefabTransform>
		</model>
		<model>
			<resource>	sets/temperate/props/tree_trunk_01.model	</resource>
			<transform>
				<row0>	1.000000 0.000000 0.000000	</row0>
				<row1>	0.000000 1.000000 0.000000	</row1>
				<row2>	0.000000 0.000000 1.000000	</row2>
				<row3>	88.207703 207.156250 25.863907	</row3>
			</transform>
			<reflectionVisible>	false	</reflectionVisible>
			<prefabTransform>
				<row0>	1.000000 0.000000 0.000000	</row0>
				<row1>	0.000000 1.000000 0.000000	</row1>
				<row2>	0.000000 0.000000 1.000000	</row2>
				<row3>	-4.782654 -0.540466 -0.174644	</row3>
			</prefabTransform>
		</model>
		<model>
			<editorOnly>
				<hidden>	false	</hidden>
				<frozen>	false	</frozen>
				<castsShadow>	true	</castsShadow>
			</editorOnly>
			<resource>	sets/temperate/props/mushrooms/mushroom02_single.model	</resource>
			<transform>
				<row0>	0.000000 0.000000 0.999998	</row0>
				<row1>	0.228935 1.986852 0.000000	</row1>
				<row2>	-0.993425 0.114468 0.000000	</row2>
				<row3>	86.529510 207.001923 27.076363	</row3>
			</transform>
			<reflectionVisible>	false	</reflectionVisible>
			<prefabTransform>
				<row0>	0.000000 0.000000 0.999998	</row0>
				<row1>	0.228935 1.986852 0.000000	</row1>
				<row2>	-0.993425 0.114468 0.000000	</row2>
				<row3>	-6.460876 -0.694794 1.037819	</row3>
			</prefabTransform>
		</model>
		<model>
			<editorOnly>
				<hidden>	false	</hidden>
				<frozen>	false	</frozen>
				<castsShadow>	true	</castsShadow>
			</editorOnly>
			<resource>	sets/temperate/props/mushrooms/mushroom02_single.model	</resource>
			<transform>
				<row0>	-0.843596 -0.131926 -0.110250	</row0>
				<row1>	-0.130813 0.850770 -0.017096	</row1>
				<row2>	0.111568 0.000000 -0.853678	</row2>
				<row3>	86.859467 207.034149 27.675148	</row3>
			</transform>
			<reflectionVisible>	false	</reflectionVisible>
			<prefabTransform>
				<row0>	-0.843596 -0.131926 -0.110250	</row0>
				<row1>	-0.130813 0.850770 -0.017096	</row1>
				<row2>	0.111568 0.000000 -0.853678	</row2>
				<row3>	-6.130920 -0.662567 1.636604	</row3>
			</prefabTransform>
		</model>
		<model>
			<resource>	sets/town/props/axe.model	</resource>
			<transform>
				<row0>	0.156279 -0.987713 0.000000	</row0>
				<row1>	0.987713 0.156279 0.000000	</row1>
				<row2>	0.000000 0.000000 1.000000	</row2>
				<row3>	88.208710 208.063293 25.793961	</row3>
			</transform>
			<editorOnly>
				<castsShadow>	true	</castsShadow>
			</editorOnly>
			<reflectionVisible>	false	</reflectionVisible>
			<prefabTransform>
				<row0>	0.156279 -0.987713 0.000000	</row0>
				<row1>	0.987713 0.156279 0.000000	</row1>
				<row2>	0.000000 0.000000 1.000000	</row2>
				<row3>	-4.781616 0.366577 -0.244591	</row3>
			</prefabTransform>
		</model>
		<model>
			<resource>	sets/temperate/props/tree_trunk_01.model	</resource>
			<transform>
				<row0>	-0.999800 0.000000 0.019992	</row0>
				<row1>	0.000000 1.000000 0.000000	</row1>
				<row2>	-0.019992 0.000000 -0.999800	</row2>
				<row3>	86.158447 206.820313 29.439514	</row3>
			</transform>
			<reflectionVisible>	false	</reflectionVisible>
			<prefabTransform>
				<row0>	-0.999800 0.000000 0.019992	</row0>
				<row1>	0.000000 1.000000 0.000000	</row1>
				<row2>	-0.019992 0.000000 -0.999800	</row2>
				<row3>	-6.831909 -0.876404 3.400963	</row3>
			</prefabTransform>
		</model>
	</items>
	<boundingBox>
		<min>	-7.658386 -1.205368 -5.057381	</min>
		<max>	12.463257 2.130508 4.884491	</max>
	</boundingBox>
	<snaps>
		<position>	0.000000 0.000000 0.000000	</position>
		<angle>	0.000000	</angle>
	</snaps>
</trees_felling03.prefab>
