<trees_felling01.prefab>
	<chunks>	</chunks>
	<items>
		<model>
			<resource>	sets/temperate/props/woodpile.model	</resource>
			<transform>
				<row0>	0.691631 0.000000 0.000000	</row0>
				<row1>	0.000000 0.691631 0.000000	</row1>
				<row2>	0.000000 0.000000 0.691631	</row2>
				<row3>	90.231384 207.226563 23.579956	</row3>
			</transform>
			<reflectionVisible>	false	</reflectionVisible>
			<prefabTransform>
				<row0>	0.691631 0.000000 0.000000	</row0>
				<row1>	0.000000 0.691631 0.000000	</row1>
				<row2>	0.000000 0.000000 0.691631	</row2>
				<row3>	-9.971313 -1.354416 -6.193405	</row3>
			</prefabTransform>
		</model>
		<model>
			<resource>	sets/town/props/axe.model	</resource>
			<transform>
				<row0>	1.000000 0.000000 0.000000	</row0>
				<row1>	0.000000 1.000000 0.000000	</row1>
				<row2>	0.000000 0.000000 1.000000	</row2>
				<row3>	90.871582 207.234375 22.856125	</row3>
			</transform>
			<reflectionVisible>	false	</reflectionVisible>
			<prefabTransform>
				<row0>	1.000000 0.000000 0.000000	</row0>
				<row1>	0.000000 1.000000 0.000000	</row1>
				<row2>	0.000000 0.000000 1.000000	</row2>
				<row3>	-9.331116 -1.346603 -6.917236	</row3>
			</prefabTransform>
		</model>
		<speedtree>
			<spt>	speedtree/shrubs_flowers/boston_fern/BostonFern_RT.spt	</spt>
			<seed>	1	</seed>
			<transform>
				<row0>	-0.125836 -0.049206 -0.224556	</row0>
				<row1>	-0.006574 0.256663 -0.052558	</row1>
				<row2>	0.229790 -0.019603 -0.124474	</row2>
				<row3>	92.899597 207.283951 22.195938	</row3>
			</transform>
			<reflectionVisible>	false	</reflectionVisible>
			<prefabTransform>
				<row0>	-0.125836 -0.049206 -0.224556	</row0>
				<row1>	-0.006574 0.256663 -0.052558	</row1>
				<row2>	0.229790 -0.019603 -0.124474	</row2>
				<row3>	-7.303101 -1.297028 -7.577423	</row3>
			</prefabTransform>
		</speedtree>
		<model>
			<resource>	sets/temperate/props/tree_trunk_01.model	</resource>
			<transform>
				<row0>	1.000000 0.000000 0.000000	</row0>
				<row1>	0.000000 1.000000 0.000000	</row1>
				<row2>	0.000000 0.000000 1.000000	</row2>
				<row3>	88.207703 207.156250 25.863907	</row3>
			</transform>
			<reflectionVisible>	false	</reflectionVisible>
			<prefabTransform>
				<row0>	1.000000 0.000000 0.000000	</row0>
				<row1>	0.000000 1.000000 0.000000	</row1>
				<row2>	0.000000 0.000000 1.000000	</row2>
				<row3>	-11.994995 -1.424728 -3.909454	</row3>
			</prefabTransform>
		</model>
		<model>
			<resource>	sets/temperate/props/tree_trunk_01.model	</resource>
			<transform>
				<row0>	0.686718 0.000000 1.294097	</row0>
				<row1>	0.000000 1.465015 0.000000	</row1>
				<row2>	-1.294097 0.000000 0.686718	</row2>
				<row3>	93.892273 207.656250 24.850922	</row3>
			</transform>
			<reflectionVisible>	false	</reflectionVisible>
			<prefabTransform>
				<row0>	0.686718 0.000000 1.294097	</row0>
				<row1>	0.000000 1.465015 0.000000	</row1>
				<row2>	-1.294097 0.000000 0.686718	</row2>
				<row3>	-6.310425 -0.924728 -4.922440	</row3>
			</prefabTransform>
		</model>
		<model>
			<resource>	sets/town/props/axe.model	</resource>
			<transform>
				<row0>	0.156279 -0.987713 0.000000	</row0>
				<row1>	0.987713 0.156279 0.000000	</row1>
				<row2>	0.000000 0.000000 1.000000	</row2>
				<row3>	88.208710 208.063293 25.793961	</row3>
			</transform>
			<editorOnly>
				<castsShadow>	true	</castsShadow>
			</editorOnly>
			<reflectionVisible>	false	</reflectionVisible>
			<prefabTransform>
				<row0>	0.156279 -0.987713 0.000000	</row0>
				<row1>	0.987713 0.156279 0.000000	</row1>
				<row2>	0.000000 0.000000 1.000000	</row2>
				<row3>	-11.993958 -0.517685 -3.979401	</row3>
			</prefabTransform>
		</model>
		<model>
			<resource>	sets/temperate/props/woodpile.model	</resource>
			<transform>
				<row0>	0.944986 0.000000 -0.327111	</row0>
				<row1>	0.000000 1.000000 0.000000	</row1>
				<row2>	0.327111 0.000000 0.944986	</row2>
				<row3>	98.600098 207.867188 23.278580	</row3>
			</transform>
			<reflectionVisible>	false	</reflectionVisible>
			<prefabTransform>
				<row0>	0.944986 0.000000 -0.327111	</row0>
				<row1>	0.000000 1.000000 0.000000	</row1>
				<row2>	0.327111 0.000000 0.944986	</row2>
				<row3>	-1.602600 -0.713791 -6.494781	</row3>
			</prefabTransform>
		</model>
		<model>
			<resource>	sets/temperate/props/tree_trunk_01.model	</resource>
			<transform>
				<row0>	0.686718 0.000000 1.294097	</row0>
				<row1>	0.000000 1.465015 0.000000	</row1>
				<row2>	-1.294097 0.000000 0.686718	</row2>
				<row3>	90.405640 207.671875 29.591988	</row3>
			</transform>
			<reflectionVisible>	false	</reflectionVisible>
			<prefabTransform>
				<row0>	0.686718 0.000000 1.294097	</row0>
				<row1>	0.000000 1.465015 0.000000	</row1>
				<row2>	-1.294097 0.000000 0.686718	</row2>
				<row3>	-9.797058 -0.909103 -0.181374	</row3>
			</prefabTransform>
		</model>
		<model>
			<resource>	sets/temperate/props/mushrooms/mushroom03_single.model	</resource>
			<transform>
				<row0>	-0.999263 -0.038378 -0.000000	</row0>
				<row1>	-0.037292 0.971008 -0.236122	</row1>
				<row2>	0.009062 -0.235948 -0.971723	</row2>
				<row3>	90.885956 207.903625 28.637611	</row3>
			</transform>
			<editorOnly>
				<castsShadow>	true	</castsShadow>
			</editorOnly>
			<reflectionVisible>	false	</reflectionVisible>
			<prefabTransform>
				<row0>	-0.999263 -0.038378 -0.000000	</row0>
				<row1>	-0.037292 0.971008 -0.236122	</row1>
				<row2>	0.009062 -0.235948 -0.971723	</row2>
				<row3>	-9.316711 -0.677353 -1.135750	</row3>
			</prefabTransform>
		</model>
		<model>
			<resource>	sets/temperate/props/tree_trunk_01.model	</resource>
			<transform>
				<row0>	1.000000 0.000000 0.000000	</row0>
				<row1>	0.000000 1.000000 0.000000	</row1>
				<row2>	0.000000 0.000000 1.000000	</row2>
				<row3>	95.066956 208.195313 28.860901	</row3>
			</transform>
			<reflectionVisible>	false	</reflectionVisible>
			<prefabTransform>
				<row0>	1.000000 0.000000 0.000000	</row0>
				<row1>	0.000000 1.000000 0.000000	</row1>
				<row2>	0.000000 0.000000 1.000000	</row2>
				<row3>	-5.135742 -0.385666 -0.912460	</row3>
			</prefabTransform>
		</model>
		<model>
			<resource>	sets/temperate/props/tree_trunk_01.model	</resource>
			<transform>
				<row0>	0.029943 0.078498 0.996465	</row0>
				<row1>	0.021498 0.996630 -0.079156	</row1>
				<row2>	-0.999320 0.023792 0.028155	</row2>
				<row3>	99.436218 208.447372 26.746109	</row3>
			</transform>
			<reflectionVisible>	false	</reflectionVisible>
			<prefabTransform>
				<row0>	0.029943 0.078498 0.996465	</row0>
				<row1>	0.021498 0.996630 -0.079156	</row1>
				<row2>	-0.999320 0.023792 0.028155	</row2>
				<row3>	-0.766479 -0.133606 -3.027252	</row3>
			</prefabTransform>
		</model>
		<model>
			<resource>	sets/temperate/props/mushrooms/mushroom01_cluster.model	</resource>
			<transform>
				<row0>	0.258819 0.000000 -0.965926	</row0>
				<row1>	0.000000 1.000000 0.000000	</row1>
				<row2>	0.965926 0.000000 0.258819	</row2>
				<row3>	2.368042 208.444305 24.831444	</row3>
			</transform>
			<editorOnly>
				<castsShadow>	true	</castsShadow>
			</editorOnly>
			<reflectionVisible>	false	</reflectionVisible>
			<prefabTransform>
				<row0>	0.258819 0.000000 -0.965926	</row0>
				<row1>	0.000000 1.000000 0.000000	</row1>
				<row2>	0.965926 0.000000 0.258819	</row2>
				<row3>	2.165344 -0.136673 -4.941917	</row3>
			</prefabTransform>
		</model>
		<speedtree>
			<seed>	1	</seed>
			<transform>
				<row0>	-0.112873 -0.002889 0.000000	</row0>
				<row1>	-0.002874 0.112287 -0.011495	</row1>
				<row2>	0.000294 -0.011491 -0.112323	</row2>
				<row3>	90.570679 207.835938 33.660851	</row3>
			</transform>
			<reflectionVisible>	false	</reflectionVisible>
			<spt>	speedtree/Conifers/douglas_fir_full/DouglasFir_RT_Full.spt	</spt>
			<prefabTransform>
				<row0>	-0.112873 -0.002889 0.000000	</row0>
				<row1>	-0.002874 0.112287 -0.011495	</row1>
				<row2>	0.000294 -0.011491 -0.112323	</row2>
				<row3>	-9.632019 -0.745041 3.887489	</row3>
			</prefabTransform>
		</speedtree>
		<model>
			<resource>	sets/temperate/props/mushrooms/mushroom03_cluster.model	</resource>
			<transform>
				<row0>	0.998309 0.024660 0.052625	</row0>
				<row1>	-0.024159 0.999656 -0.010119	</row1>
				<row2>	-0.052857 0.008830 0.998563	</row2>
				<row3>	5.127625 208.662079 24.223053	</row3>
			</transform>
			<editorOnly>
				<castsShadow>	true	</castsShadow>
			</editorOnly>
			<reflectionVisible>	false	</reflectionVisible>
			<prefabTransform>
				<row0>	0.998309 0.024660 0.052625	</row0>
				<row1>	-0.024159 0.999656 -0.010119	</row1>
				<row2>	-0.052857 0.008830 0.998563	</row2>
				<row3>	4.924927 0.081100 -5.550308	</row3>
			</prefabTransform>
		</model>
		<speedtree>
			<seed>	1	</seed>
			<transform>
				<row0>	-0.108907 -0.002172 -0.000683	</row0>
				<row1>	-0.002141 0.108807 -0.004721	</row1>
				<row2>	0.000776 -0.004706 -0.108826	</row2>
				<row3>	94.860840 208.351105 32.560921	</row3>
			</transform>
			<reflectionVisible>	false	</reflectionVisible>
			<spt>	speedtree/Conifers/douglas_fir/DouglasFir_RT.spt	</spt>
			<prefabTransform>
				<row0>	-0.108907 -0.002172 -0.000683	</row0>
				<row1>	-0.002141 0.108807 -0.004721	</row1>
				<row2>	0.000776 -0.004706 -0.108826	</row2>
				<row3>	-5.341858 -0.229874 2.787560	</row3>
			</prefabTransform>
		</speedtree>
		<speedtree>
			<spt>	speedtree/shrubs_flowers/cinnamon_fern/CinnamonFern_RT.spt	</spt>
			<seed>	1	</seed>
			<transform>
				<row0>	-0.073058 0.000000 0.316644	</row0>
				<row1>	0.000000 0.324963 0.000000	</row1>
				<row2>	-0.316644 0.000000 -0.073058	</row2>
				<row3>	93.832275 208.429688 33.579041	</row3>
			</transform>
			<reflectionVisible>	false	</reflectionVisible>
			<prefabTransform>
				<row0>	-0.073058 0.000000 0.316644	</row0>
				<row1>	0.000000 0.324963 0.000000	</row1>
				<row2>	-0.316644 0.000000 -0.073058	</row2>
				<row3>	-6.370422 -0.151291 3.805679	</row3>
			</prefabTransform>
		</speedtree>
		<model>
			<resource>	sets/temperate/props/tree_trunk_01.model	</resource>
			<transform>
				<row0>	0.953994 0.155381 0.949360	</row0>
				<row1>	-0.206018 1.339007 -0.012130	</row1>
				<row2>	-0.939672 -0.135822 0.966489	</row2>
				<row3>	98.519897 208.899948 31.697083	</row3>
			</transform>
			<reflectionVisible>	false	</reflectionVisible>
			<prefabTransform>
				<row0>	0.953994 0.155381 0.949360	</row0>
				<row1>	-0.206018 1.339007 -0.012130	</row1>
				<row2>	-0.939672 -0.135822 0.966489	</row2>
				<row3>	-1.682800 0.318970 1.923721	</row3>
			</prefabTransform>
		</model>
		<model>
			<resource>	sets/temperate/props/tree_trunk_01.model	</resource>
			<transform>
				<row0>	0.351315 0.158212 1.298876	</row0>
				<row1>	-0.005677 1.345049 -0.162299	</row1>
				<row2>	-1.308463 0.036642 0.349445	</row2>
				<row3>	4.826599 209.177078 27.579445	</row3>
			</transform>
			<reflectionVisible>	false	</reflectionVisible>
			<prefabTransform>
				<row0>	0.351315 0.158212 1.298876	</row0>
				<row1>	-0.005677 1.345049 -0.162299	</row1>
				<row2>	-1.308463 0.036642 0.349445	</row2>
				<row3>	4.623901 0.596100 -2.193916	</row3>
			</prefabTransform>
		</model>
		<model>
			<resource>	sets/temperate/props/mushrooms/mushroom05_single.model	</resource>
			<transform>
				<row0>	-1.172562 0.255139 0.000000	</row0>
				<row1>	0.147443 0.677613 -0.095399	</row1>
				<row2>	-0.034771 -0.159802 -1.188803	</row2>
				<row3>	5.596924 209.301163 26.786072	</row3>
			</transform>
			<editorOnly>
				<castsShadow>	true	</castsShadow>
			</editorOnly>
			<reflectionVisible>	false	</reflectionVisible>
			<prefabTransform>
				<row0>	-1.172562 0.255139 0.000000	</row0>
				<row1>	0.147443 0.677613 -0.095399	</row1>
				<row2>	-0.034771 -0.159802 -1.188803	</row2>
				<row3>	5.394226 0.720184 -2.987289	</row3>
			</prefabTransform>
		</model>
		<speedtree>
			<spt>	speedtree/Conifers/douglas_fir/DouglasFir_RT.spt	</spt>
			<seed>	1	</seed>
			<transform>
				<row0>	-0.108919 -0.000298 0.001589	</row0>
				<row1>	-0.000418 0.108615 -0.008275	</row1>
				<row2>	-0.001562 -0.008280 -0.108604	</row2>
				<row3>	2.999878 208.882370 30.000015	</row3>
			</transform>
			<reflectionVisible>	false	</reflectionVisible>
			<editorOnly>
				<castsShadow>	true	</castsShadow>
			</editorOnly>
			<prefabTransform>
				<row0>	-0.108919 -0.000298 0.001589	</row0>
				<row1>	-0.000418 0.108615 -0.008275	</row1>
				<row2>	-0.001562 -0.008280 -0.108604	</row2>
				<row3>	2.797180 0.301392 0.226654	</row3>
			</prefabTransform>
		</speedtree>
		<model>
			<resource>	sets/temperate/props/mushrooms/mushroom05_single.model	</resource>
			<transform>
				<row0>	-0.575541 0.169559 -0.001293	</row0>
				<row1>	0.165108 0.561442 0.132367	</row1>
				<row2>	0.038617 0.126615 -0.585215	</row2>
				<row3>	5.777527 209.287064 27.064461	</row3>
			</transform>
			<editorOnly>
				<castsShadow>	true	</castsShadow>
			</editorOnly>
			<reflectionVisible>	false	</reflectionVisible>
			<prefabTransform>
				<row0>	-0.575541 0.169559 -0.001293	</row0>
				<row1>	0.165108 0.561442 0.132367	</row1>
				<row2>	0.038617 0.126615 -0.585215	</row2>
				<row3>	5.574829 0.706085 -2.708900	</row3>
			</prefabTransform>
		</model>
		<speedtree>
			<seed>	1	</seed>
			<transform>
				<row0>	-0.155779 -0.025672 0.000740	</row0>
				<row1>	-0.024534 0.147408 -0.050948	</row1>
				<row2>	0.007594 -0.050384 -0.149434	</row2>
				<row3>	95.659424 209.172485 35.893425	</row3>
			</transform>
			<reflectionVisible>	false	</reflectionVisible>
			<spt>	speedtree/shrubs_flowers/american_boxwood/AmericanBoxwood_RT.spt	</spt>
			<prefabTransform>
				<row0>	-0.155779 -0.025672 0.000740	</row0>
				<row1>	-0.024534 0.147408 -0.050948	</row1>
				<row2>	0.007594 -0.050384 -0.149434	</row2>
				<row3>	-4.543274 0.591507 6.120064	</row3>
			</prefabTransform>
		</speedtree>
		<speedtree>
			<spt>	speedtree/shrubs_flowers/cinnamon_fern/CinnamonFern_RT.spt	</spt>
			<seed>	1	</seed>
			<transform>
				<row0>	-0.291789 -0.063362 -0.139107	</row0>
				<row1>	-0.024203 0.315141 -0.092774	</row1>
				<row2>	0.150930 -0.071959 -0.283810	</row2>
				<row3>	2.546143 209.218704 32.245811	</row3>
			</transform>
			<reflectionVisible>	false	</reflectionVisible>
			<prefabTransform>
				<row0>	-0.291789 -0.063362 -0.139107	</row0>
				<row1>	-0.024203 0.315141 -0.092774	</row1>
				<row2>	0.150930 -0.071959 -0.283810	</row2>
				<row3>	2.343445 0.637726 2.472450	</row3>
			</prefabTransform>
		</speedtree>
		<speedtree>
			<spt>	speedtree/shrubs_flowers/boston_fern/BostonFern_RT.spt	</spt>
			<seed>	1	</seed>
			<transform>
				<row0>	-0.074655 0.015207 0.272653	</row0>
				<row1>	-0.021616 0.281442 -0.021616	</row1>
				<row2>	-0.272220 -0.026519 -0.073057	</row2>
				<row3>	1.409668 209.325287 33.164337	</row3>
			</transform>
			<reflectionVisible>	false	</reflectionVisible>
			<prefabTransform>
				<row0>	-0.074655 0.015207 0.272653	</row0>
				<row1>	-0.021616 0.281442 -0.021616	</row1>
				<row2>	-0.272220 -0.026519 -0.073057	</row2>
				<row3>	1.206970 0.744308 3.390976	</row3>
			</prefabTransform>
		</speedtree>
		<speedtree>
			<seed>	1	</seed>
			<transform>
				<row0>	-0.108364 -0.011095 0.000000	</row0>
				<row1>	-0.011063 0.108049 -0.008300	</row1>
				<row2>	0.000845 -0.008257 -0.108614	</row2>
				<row3>	10.107056 209.738388 27.057297	</row3>
			</transform>
			<reflectionVisible>	false	</reflectionVisible>
			<spt>	speedtree/Conifers/douglas_fir/DouglasFir_RT.spt	</spt>
			<prefabTransform>
				<row0>	-0.108364 -0.011095 0.000000	</row0>
				<row1>	-0.011063 0.108049 -0.008300	</row1>
				<row2>	0.000845 -0.008257 -0.108614	</row2>
				<row3>	9.904358 1.157410 -2.716064	</row3>
			</prefabTransform>
		</speedtree>
		<model>
			<resource>	sets/temperate/props/mushrooms/mushroom03_cluster.model	</resource>
			<transform>
				<row0>	-0.462575 -0.116574 0.878882	</row0>
				<row1>	-0.132587 0.989265 0.061432	</row1>
				<row2>	-0.876608 -0.088110 -0.473066	</row2>
				<row3>	6.963928 209.479462 30.266602	</row3>
			</transform>
			<editorOnly>
				<castsShadow>	true	</castsShadow>
			</editorOnly>
			<reflectionVisible>	false	</reflectionVisible>
			<prefabTransform>
				<row0>	-0.462575 -0.116574 0.878882	</row0>
				<row1>	-0.132587 0.989265 0.061432	</row1>
				<row2>	-0.876608 -0.088110 -0.473066	</row2>
				<row3>	6.761230 0.898483 0.493240	</row3>
			</prefabTransform>
		</model>
		<model>
			<resource>	sets/temperate/props/mushrooms/mushroom03_cluster.model	</resource>
			<transform>
				<row0>	-0.977998 -0.117465 -0.172396	</row0>
				<row1>	-0.128250 0.990337 0.052776	</row1>
				<row2>	0.164530 0.073726 -0.983612	</row2>
				<row3>	9.021240 209.306610 31.211792	</row3>
			</transform>
			<editorOnly>
				<castsShadow>	true	</castsShadow>
			</editorOnly>
			<reflectionVisible>	false	</reflectionVisible>
			<prefabTransform>
				<row0>	-0.977998 -0.117465 -0.172396	</row0>
				<row1>	-0.128250 0.990337 0.052776	</row1>
				<row2>	0.164530 0.073726 -0.983612	</row2>
				<row3>	8.818542 0.725632 1.438431	</row3>
			</prefabTransform>
		</model>
		<speedtree>
			<seed>	1	</seed>
			<transform>
				<row0>	0.152233 0.000000 0.179202	</row0>
				<row1>	0.000000 0.235135 0.000000	</row1>
				<row2>	-0.179202 0.000000 0.152233	</row2>
				<row3>	98.761414 200.312500 61.101933	</row3>
			</transform>
			<reflectionVisible>	false	</reflectionVisible>
			<spt>	speedtree/shrubs_flowers/american_boxwood/AmericanBoxwood_RT.spt	</spt>
			<prefabTransform>
				<row0>	0.152233 0.000000 0.179202	</row0>
				<row1>	0.000000 0.235135 0.000000	</row1>
				<row2>	-0.179202 0.000000 0.152233	</row2>
				<row3>	-1.441284 -8.268478 31.328571	</row3>
			</prefabTransform>
		</speedtree>
		<speedtree>
			<seed>	1	</seed>
			<transform>
				<row0>	-0.064414 -0.025656 -0.114120	</row0>
				<row1>	-0.001671 0.130469 -0.028389	</row1>
				<row2>	0.116956 -0.012267 -0.063258	</row2>
				<row3>	9.780151 209.777542 34.110161	</row3>
			</transform>
			<reflectionVisible>	false	</reflectionVisible>
			<spt>	speedtree/shrubs_flowers/american_boxwood/AmericanBoxwood_RT.spt	</spt>
			<prefabTransform>
				<row0>	-0.064414 -0.025656 -0.114120	</row0>
				<row1>	-0.001671 0.130469 -0.028389	</row1>
				<row2>	0.116956 -0.012267 -0.063258	</row2>
				<row3>	9.577454 1.196564 4.336800	</row3>
			</prefabTransform>
		</speedtree>
		<speedtree>
			<spt>	speedtree/shrubs_flowers/cinnamon_fern/CinnamonFern_RT.spt	</spt>
			<seed>	1	</seed>
			<transform>
				<row0>	0.227085 0.000000 -0.232451	</row0>
				<row1>	0.000000 0.324963 0.000000	</row1>
				<row2>	0.232451 0.000000 0.227085	</row2>
				<row3>	96.418457 209.843750 42.539879	</row3>
			</transform>
			<reflectionVisible>	false	</reflectionVisible>
			<prefabTransform>
				<row0>	0.227085 0.000000 -0.232451	</row0>
				<row1>	0.000000 0.324963 0.000000	</row1>
				<row2>	0.232451 0.000000 0.227085	</row2>
				<row3>	-3.784241 1.262772 12.766518	</row3>
			</prefabTransform>
		</speedtree>
		<speedtree>
			<seed>	1	</seed>
			<transform>
				<row0>	-0.140259 -0.015950 0.001499	</row0>
				<row1>	-0.016003 0.138891 -0.019554	</row1>
				<row2>	0.000735 -0.019598 -0.139802	</row2>
				<row3>	14.484070 210.443680 29.568375	</row3>
			</transform>
			<reflectionVisible>	false	</reflectionVisible>
			<spt>	speedtree/Conifers/douglas_fir_full/DouglasFir_RT_Full.spt	</spt>
			<prefabTransform>
				<row0>	-0.140259 -0.015950 0.001499	</row0>
				<row1>	-0.016003 0.138891 -0.019554	</row1>
				<row2>	0.000735 -0.019598 -0.139802	</row2>
				<row3>	14.281372 1.862701 -0.204987	</row3>
			</prefabTransform>
		</speedtree>
		<speedtree>
			<spt>	speedtree/shrubs_flowers/boston_fern/BostonFern_RT.spt	</spt>
			<seed>	1	</seed>
			<transform>
				<row0>	-0.157256 0.000000 -0.333638	</row0>
				<row1>	0.000000 0.368842 0.000000	</row1>
				<row2>	0.333638 0.000000 -0.157256	</row2>
				<row3>	96.054138 210.546875 40.702034	</row3>
			</transform>
			<reflectionVisible>	false	</reflectionVisible>
			<prefabTransform>
				<row0>	-0.157256 0.000000 -0.333638	</row0>
				<row1>	0.000000 0.368842 0.000000	</row1>
				<row2>	0.333638 0.000000 -0.157256	</row2>
				<row3>	-4.148560 1.965897 10.928673	</row3>
			</prefabTransform>
		</speedtree>
		<speedtree>
			<seed>	1	</seed>
			<transform>
				<row0>	0.116124 0.000000 -0.035100	</row0>
				<row1>	0.000000 0.121314 0.000000	</row1>
				<row2>	0.035100 0.000000 0.116124	</row2>
				<row3>	97.665649 209.937500 42.883488	</row3>
			</transform>
			<reflectionVisible>	false	</reflectionVisible>
			<spt>	speedtree/Conifers/douglas_fir_full/DouglasFir_RT_Full.spt	</spt>
			<prefabTransform>
				<row0>	0.116124 0.000000 -0.035100	</row0>
				<row1>	0.000000 0.121314 0.000000	</row1>
				<row2>	0.035100 0.000000 0.116124	</row2>
				<row3>	-2.537048 1.356522 13.110126	</row3>
			</prefabTransform>
		</speedtree>
		<model>
			<resource>	sets/temperate/props/mushrooms/mushroom01_cluster.model	</resource>
			<transform>
				<row0>	-0.866025 0.000000 -0.500000	</row0>
				<row1>	0.000000 1.000000 0.000000	</row1>
				<row2>	0.500000 0.000000 -0.866025	</row2>
				<row3>	9.562012 210.332001 35.706299	</row3>
			</transform>
			<editorOnly>
				<castsShadow>	true	</castsShadow>
			</editorOnly>
			<reflectionVisible>	false	</reflectionVisible>
			<prefabTransform>
				<row0>	-0.866025 0.000000 -0.500000	</row0>
				<row1>	0.000000 1.000000 0.000000	</row1>
				<row2>	0.500000 0.000000 -0.866025	</row2>
				<row3>	9.359314 1.751022 5.932938	</row3>
			</prefabTransform>
		</model>
		<model>
			<resource>	sets/temperate/props/mushrooms/mushroom03_cluster.model	</resource>
			<transform>
				<row0>	-0.968658 -0.116574 -0.219342	</row0>
				<row1>	-0.093655 0.989265 -0.112169	</row1>
				<row2>	0.230064 -0.088110 -0.969177	</row2>
				<row3>	6.949951 208.267548 20.913986	</row3>
			</transform>
			<editorOnly>
				<castsShadow>	true	</castsShadow>
			</editorOnly>
			<reflectionVisible>	false	</reflectionVisible>
			<prefabTransform>
				<row0>	-0.968658 -0.116574 -0.219342	</row0>
				<row1>	-0.093655 0.989265 -0.112169	</row1>
				<row2>	0.230064 -0.088110 -0.969177	</row2>
				<row3>	6.747253 -0.313431 -8.859375	</row3>
			</prefabTransform>
		</model>
		<speedtree>
			<spt>	speedtree/shrubs_flowers/boston_fern/BostonFern_RT.spt	</spt>
			<seed>	1	</seed>
			<transform>
				<row0>	0.334959 0.103360 0.182176	</row0>
				<row1>	-0.069250 0.378931 -0.087663	</row1>
				<row2>	-0.197676 0.042394 0.339406	</row2>
				<row3>	5.385986 208.445877 22.840904	</row3>
			</transform>
			<reflectionVisible>	false	</reflectionVisible>
			<editorOnly>
				<castsShadow>	true	</castsShadow>
			</editorOnly>
			<prefabTransform>
				<row0>	0.334959 0.103360 0.182176	</row0>
				<row1>	-0.069250 0.378931 -0.087663	</row1>
				<row2>	-0.197676 0.042394 0.339406	</row2>
				<row3>	5.183289 -0.135101 -6.932457	</row3>
			</prefabTransform>
		</speedtree>
		<model>
			<resource>	sets/temperate/props/mushrooms/mushroom03_cluster.model	</resource>
			<transform>
				<row0>	-0.086603 -0.117465 -0.989293	</row0>
				<row1>	-0.084171 0.990337 -0.110221	</row1>
				<row2>	0.992680 0.073726 -0.095654	</row2>
				<row3>	6.569397 208.625168 23.145813	</row3>
			</transform>
			<editorOnly>
				<castsShadow>	true	</castsShadow>
			</editorOnly>
			<reflectionVisible>	false	</reflectionVisible>
			<prefabTransform>
				<row0>	-0.086603 -0.117465 -0.989293	</row0>
				<row1>	-0.084171 0.990337 -0.110221	</row1>
				<row2>	0.992680 0.073726 -0.095654	</row2>
				<row3>	6.366699 0.044189 -6.627548	</row3>
			</prefabTransform>
		</model>
		<speedtree>
			<seed>	1	</seed>
			<transform>
				<row0>	-0.140259 -0.015950 0.001499	</row0>
				<row1>	-0.016003 0.138891 -0.019554	</row1>
				<row2>	0.000735 -0.019598 -0.139802	</row2>
				<row3>	10.229309 209.074539 22.623909	</row3>
			</transform>
			<reflectionVisible>	false	</reflectionVisible>
			<spt>	speedtree/Conifers/douglas_fir_full/DouglasFir_RT_Full.spt	</spt>
			<prefabTransform>
				<row0>	-0.140259 -0.015950 0.001499	</row0>
				<row1>	-0.016003 0.138891 -0.019554	</row1>
				<row2>	0.000735 -0.019598 -0.139802	</row2>
				<row3>	10.026611 0.493561 -7.149452	</row3>
			</prefabTransform>
		</speedtree>
		<particles>
			<resource>	particles/fx_butterflies3.xml	</resource>
			<transform>
				<row0>	1.000000 0.000000 0.000000	</row0>
				<row1>	0.000000 1.000000 0.000000	</row1>
				<row2>	0.000000 0.000000 1.000000	</row2>
				<row3>	7.152710 210.834198 20.946381	</row3>
			</transform>
			<reflectionVisible>	false	</reflectionVisible>
			<prefabTransform>
				<row0>	1.000000 0.000000 0.000000	</row0>
				<row1>	0.000000 1.000000 0.000000	</row1>
				<row2>	0.000000 0.000000 1.000000	</row2>
				<row3>	6.950012 2.253220 -8.826981	</row3>
			</prefabTransform>
		</particles>
	</items>
	<boundingBox>
		<min>	-13.511414 -8.482712 -14.777275	</min>
		<max>	18.911743 24.211777 34.039082	</max>
	</boundingBox>
	<snaps>
		<position>	0.000000 0.000000 0.000000	</position>
		<angle>	0.000000	</angle>
	</snaps>
</trees_felling01.prefab>
