<gargoyle_animated.visual>
	<node>
		<identifier>	Scene Root	</identifier>
		<transform>
			<row0>	1.000000 0.000000 0.000000	</row0>
			<row1>	0.000000 1.000000 0.000000	</row1>
			<row2>	0.000000 0.000000 1.000000	</row2>
			<row3>	0.000000 0.000000 0.000000	</row3>
		</transform>
		<node>
			<identifier>	Angel	</identifier>
			<transform>
				<row0>	-0.000000 1.000000 0.000000	</row0>
				<row1>	-1.000000 -0.000000 -0.000000	</row1>
				<row2>	-0.000000 -0.000000 1.000000	</row2>
				<row3>	0.000000 0.000000 0.000000	</row3>
			</transform>
		</node>
		<node>
			<identifier>	AngelPelvis	</identifier>
			<transform>
				<row0>	-0.000000 0.988378 0.152013	</row0>
				<row1>	-1.000000 -0.000000 -0.000000	</row1>
				<row2>	-0.000000 -0.152013 0.988378	</row2>
				<row3>	0.000000 2.319164 -0.380330	</row3>
			</transform>
			<node>
				<identifier>	AngelSpine1	</identifier>
				<transform>
					<row0>	0.966734 -0.000000 0.255786	</row0>
					<row1>	0.000000 1.000000 -0.000000	</row1>
					<row2>	-0.255786 0.000000 0.966734	</row2>
					<row3>	0.141778 0.000000 -0.066123	</row3>
				</transform>
				<node>
					<identifier>	AngelSpine2	</identifier>
					<transform>
						<row0>	0.999082 -0.001050 0.042831	</row0>
						<row1>	0.000993 0.999999 0.001348	</row1>
						<row2>	-0.042833 -0.001304 0.999081	</row2>
						<row3>	0.205702 0.000000 -0.000000	</row3>
					</transform>
					<node>
						<identifier>	AngelSpine3	</identifier>
						<transform>
							<row0>	0.999336 -0.000332 0.036442	</row0>
							<row1>	0.000304 1.000000 0.000775	</row1>
							<row2>	-0.036442 -0.000763 0.999336	</row2>
							<row3>	0.177412 -0.000000 0.000000	</row3>
						</transform>
						<node>
							<identifier>	AngelSpine4	</identifier>
							<transform>
								<row0>	0.939712 -0.000275 0.341967	</row0>
								<row1>	0.000063 1.000000 0.000631	</row1>
								<row2>	-0.341967 -0.000572 0.939712	</row2>
								<row3>	0.238083 0.000000 0.000000	</row3>
							</transform>
							<node>
								<identifier>	AngelRibcage	</identifier>
								<transform>
									<row0>	0.991529 0.000018 -0.129884	</row0>
									<row1>	-0.000009 1.000000 0.000077	</row1>
									<row2>	0.129884 -0.000075 0.991529	</row2>
									<row3>	0.240319 0.000000 0.000000	</row3>
								</transform>
								<node>
									<identifier>	AngelRibcageBone01	</identifier>
									<transform>
										<row0>	1.000000 -0.000000 -0.000000	</row0>
										<row1>	0.000000 1.000000 -0.000000	</row1>
										<row2>	0.000000 -0.000000 1.000000	</row2>
										<row3>	0.000000 0.000000 0.000000	</row3>
									</transform>
									<node>
										<identifier>	AngelRibcageBone01BlendBonegrave_gargoyle	</identifier>
										<transform>
											<row0>	-0.000000 -1.000000 -0.000000	</row0>
											<row1>	0.758806 -0.000000 -0.651317	</row1>
											<row2>	0.651317 -0.000000 0.758806	</row2>
											<row3>	-2.361586 -0.000000 2.245022	</row3>
										</transform>
									</node>
								</node>
								<node>
									<identifier>	AngelNeck1	</identifier>
									<transform>
										<row0>	0.487504 0.000021 0.873121	</row0>
										<row1>	-0.000042 1.000000 -0.000001	</row1>
										<row2>	-0.873121 -0.000036 0.487504	</row2>
										<row3>	0.215825 -0.000000 0.032916	</row3>
									</transform>
									<node>
										<identifier>	AngelNeck2	</identifier>
										<transform>
											<row0>	0.800908 0.056683 0.596099	</row0>
											<row1>	-0.073396 0.997296 0.003782	</row1>
											<row2>	-0.594272 -0.046780 0.802902	</row2>
											<row3>	0.235228 0.000000 0.000000	</row3>
										</transform>
										<node>
											<identifier>	AngelNeck3	</identifier>
											<transform>
												<row0>	0.999189 0.036731 -0.016513	</row0>
												<row1>	-0.035932 0.998280 0.046318	</row1>
												<row2>	0.018186 -0.045687 0.998790	</row2>
												<row3>	0.227044 0.000000 0.000000	</row3>
											</transform>
											<node>
												<identifier>	AngelHead	</identifier>
												<transform>
													<row0>	-0.413563 0.010032 -0.910420	</row0>
													<row1>	-0.002246 0.999925 0.012038	</row1>
													<row2>	0.910473 0.007024 -0.413510	</row2>
													<row3>	0.227044 0.000000 -0.000000	</row3>
												</transform>
												<node>
													<identifier>	AngelHeadBone01	</identifier>
													<transform>
														<row0>	-0.763876 0.000000 0.645363	</row0>
														<row1>	-0.000000 1.000000 0.000000	</row1>
														<row2>	-0.645363 0.000000 -0.763876	</row2>
														<row3>	-0.200511 0.000000 0.091971	</row3>
													</transform>
													<node>
														<identifier>	AngelHeadBone01BlendBonegrave_gargoyle	</identifier>
														<transform>
															<row0>	-0.000000 -1.000000 0.000000	</row0>
															<row1>	-0.953074 -0.000000 -0.302737	</row1>
															<row2>	0.302737 -0.000000 -0.953074	</row2>
															<row3>	2.519469 0.000000 1.394673	</row3>
														</transform>
													</node>
												</node>
												<node>
													<identifier>	HP_left_eye	</identifier>
													<transform>
														<row0>	0.000000 -1.000000 -0.000000	</row0>
														<row1>	0.976186 0.000000 0.216934	</row1>
														<row2>	-0.216935 -0.000000 0.976186	</row2>
														<row3>	-0.127498 0.106160 0.278843	</row3>
													</transform>
												</node>
												<node>
													<identifier>	HP_nostrils	</identifier>
													<transform>
														<row0>	0.000000 -1.000000 -0.000000	</row0>
														<row1>	0.742849 0.000000 0.669459	</row1>
														<row2>	-0.669460 -0.000000 0.742849	</row2>
														<row3>	-0.196566 0.000148 0.390661	</row3>
													</transform>
												</node>
												<node>
													<identifier>	HP_right_eye	</identifier>
													<transform>
														<row0>	0.000000 -1.000000 -0.000000	</row0>
														<row1>	0.976186 0.000000 0.216934	</row1>
														<row2>	-0.216935 -0.000000 0.976186	</row2>
														<row3>	-0.127498 -0.104723 0.278844	</row3>
													</transform>
												</node>
												<node>
													<identifier>	HP_mouth	</identifier>
													<transform>
														<row0>	0.000000 -1.000000 -0.000000	</row0>
														<row1>	0.742849 0.000000 0.669459	</row1>
														<row2>	-0.669460 -0.000000 0.742849	</row2>
														<row3>	-0.240654 -0.000807 0.165427	</row3>
													</transform>
												</node>
												<node>
													<identifier>	AngelHeadBlendBonegrave_gargoyle	</identifier>
													<transform>
														<row0>	-0.000000 -1.000000 -0.000000	</row0>
														<row1>	0.923406 -0.000000 -0.383825	</row1>
														<row2>	0.383825 -0.000000 0.923406	</row2>
														<row3>	-3.025144 0.000000 0.652585	</row3>
													</transform>
												</node>
											</node>
											<node>
												<identifier>	AngelNeck3BlendBonegrave_gargoyle	</identifier>
												<transform>
													<row0>	-0.000000 -1.000000 0.000000	</row0>
													<row1>	-0.702697 -0.000000 -0.711490	</row1>
													<row2>	0.711490 -0.000000 -0.702697	</row2>
													<row3>	1.968608 0.000000 2.558187	</row3>
												</transform>
											</node>
										</node>
										<node>
											<identifier>	AngelNeck2BlendBonegrave_gargoyle	</identifier>
											<transform>
												<row0>	-0.000000 -1.000000 0.000000	</row0>
												<row1>	-0.689411 -0.000000 -0.724370	</row1>
												<row2>	0.724370 -0.000000 -0.689411	</row2>
												<row3>	2.147979 0.000000 2.594175	</row3>
											</transform>
										</node>
									</node>
									<node>
										<identifier>	AngelNeck1BlendBonegrave_gargoyle	</identifier>
										<transform>
											<row0>	-0.000000 -1.000000 0.000000	</row0>
											<row1>	-0.155387 -0.000000 -0.987854	</row1>
											<row2>	0.987854 -0.000000 -0.155387	</row2>
											<row3>	0.527627 0.000000 3.355304	</row3>
										</transform>
									</node>
								</node>
								<node>
									<identifier>	AngelLCollarbone	</identifier>
									<transform>
										<row0>	-0.128105 0.847761 0.514676	</row0>
										<row1>	-0.991449 -0.096465 -0.087882	</row1>
										<row2>	-0.024854 -0.521533 0.852869	</row2>
										<row3>	0.127599 0.180787 0.230283	</row3>
									</transform>
									<node>
										<identifier>	AngelLUpperarm	</identifier>
										<transform>
											<row0>	0.014687 0.882744 0.469624	</row0>
											<row1>	0.016736 0.469392 -0.882831	</row1>
											<row2>	-0.999752 0.020826 -0.007879	</row2>
											<row3>	0.361008 0.000000 0.000000	</row3>
										</transform>
										<node>
											<identifier>	AngelLForearm	</identifier>
											<transform>
												<row0>	0.737662 -0.451067 -0.502388	</row0>
												<row1>	0.664795 0.615191 0.423779	</row1>
												<row2>	0.117912 -0.646591 0.753669	</row2>
												<row3>	0.677026 -0.000000 -0.000000	</row3>
											</transform>
											<node>
												<identifier>	AngelLPalm	</identifier>
												<transform>
													<row0>	0.550715 -0.783389 0.288124	</row0>
													<row1>	-0.013585 0.336727 0.941504	</row1>
													<row2>	-0.834583 -0.522415 0.174798	</row2>
													<row3>	0.603634 0.000000 0.000000	</row3>
												</transform>
												<node>
													<identifier>	AngelLDigit01	</identifier>
													<transform>
														<row0>	0.906686 0.417557 -0.059720	</row0>
														<row1>	-0.075341 0.021012 -0.996937	</row1>
														<row2>	-0.415023 0.908408 0.050510	</row2>
														<row3>	0.005862 0.146002 -0.033664	</row3>
													</transform>
													<node>
														<identifier>	AngelLDigit02	</identifier>
														<transform>
															<row0>	0.885063 0.132896 -0.446097	</row0>
															<row1>	-0.143662 0.989579 0.009775	</row1>
															<row2>	0.442747 0.055436 0.894931	</row2>
															<row3>	0.122126 0.000000 0.000000	</row3>
														</transform>
														<node>
															<identifier>	AngelLDigit02BlendBonegrave_gargoyle	</identifier>
															<transform>
																<row0>	0.005144 -0.043566 0.999037	</row0>
																<row1>	-0.448391 -0.893087 -0.036636	</row1>
																<row2>	0.893823 -0.447770 -0.024129	</row2>
																<row3>	0.364971 1.755538 0.141166	</row3>
															</transform>
														</node>
													</node>
													<node>
														<identifier>	AngelLDigit01BlendBonegrave_gargoyle	</identifier>
														<transform>
															<row0>	0.453132 0.012954 0.891349	</row0>
															<row1>	-0.284772 -0.945399 0.158510	</row1>
															<row2>	0.844734 -0.325656 -0.424702	</row2>
															<row3>	0.255444 1.793571 -0.019319	</row3>
														</transform>
													</node>
												</node>
												<node>
													<identifier>	AngelLDigit11	</identifier>
													<transform>
														<row0>	0.916652 0.241420 -0.318537	</row0>
														<row1>	-0.281461 0.955747 -0.085597	</row1>
														<row2>	0.283776 0.168118 0.944038	</row2>
														<row3>	0.173797 0.091821 0.019169	</row3>
													</transform>
													<node>
														<identifier>	AngelLDigit12	</identifier>
														<transform>
															<row0>	0.502531 0.020791 -0.864309	</row0>
															<row1>	-0.035423 0.999367 0.003444	</row1>
															<row2>	0.863833 0.028886 0.502949	</row2>
															<row3>	0.138254 0.000000 0.000000	</row3>
														</transform>
														<node>
															<identifier>	AngelLDigit13	</identifier>
															<transform>
																<row0>	0.750742 0.031231 -0.659857	</row0>
																<row1>	0.018700 0.997477 0.068485	</row1>
																<row2>	0.660331 -0.063754 0.748264	</row2>
																<row3>	0.047572 0.000000 0.000000	</row3>
															</transform>
															<node>
																<identifier>	AngelLDigit13BlendBonegrave_gargoyle	</identifier>
																<transform>
																	<row0>	-0.207876 0.955730 0.208250	</row0>
																	<row1>	-0.721991 -0.006279 -0.691874	</row1>
																	<row2>	-0.659936 -0.294179 0.691334	</row2>
																	<row3>	1.596015 0.325401 0.727722	</row3>
																</transform>
															</node>
														</node>
														<node>
															<identifier>	AngelLDigit12BlendBonegrave_gargoyle	</identifier>
															<transform>
																<row0>	-0.000676 0.933550 0.358448	</row0>
																<row1>	-0.999012 0.015298 -0.041723	</row1>
																<row2>	-0.044434 -0.358122 0.932617	</row2>
																<row3>	1.732389 0.328029 -0.486329	</row3>
															</transform>
														</node>
													</node>
													<node>
														<identifier>	AngelLDigit11BlendBonegrave_gargoyle	</identifier>
														<transform>
															<row0>	0.276230 0.943298 0.184080	</row0>
															<row1>	-0.538619 -0.006688 0.842523	</row1>
															<row2>	0.795982 -0.331880 0.506230	</row2>
															<row3>	0.577108 0.349791 -1.740788	</row3>
														</transform>
													</node>
												</node>
												<node>
													<identifier>	AngelLDigit21	</identifier>
													<transform>
														<row0>	0.911969 -0.014107 -0.410016	</row0>
														<row1>	0.004342 0.999685 -0.024736	</row1>
														<row2>	0.410236 0.020778 0.911743	</row2>
														<row3>	0.173241 0.000064 0.023425	</row3>
													</transform>
													<node>
														<identifier>	AngelLDigit22	</identifier>
														<transform>
															<row0>	0.732579 0.008812 -0.680625	</row0>
															<row1>	0.044521 0.997155 0.060830	</row1>
															<row2>	0.679224 -0.074865 0.730102	</row2>
															<row3>	0.141229 -0.000000 0.000000	</row3>
														</transform>
														<node>
															<identifier>	AngelLDigit23	</identifier>
															<transform>
																<row0>	0.606160 -0.019897 -0.795094	</row0>
																<row1>	0.022473 0.999717 -0.007885	</row1>
																<row2>	0.795025 -0.013088 0.606436	</row2>
																<row3>	0.047289 0.000000 0.000000	</row3>
															</transform>
															<node>
																<identifier>	AngelLDigit23BlendBonegrave_gargoyle	</identifier>
																<transform>
																	<row0>	0.001505 0.999372 -0.035395	</row0>
																	<row1>	-0.714216 -0.023698 -0.699524	</row1>
																	<row2>	-0.699923 0.026333 0.713732	</row2>
																	<row3>	1.638768 0.279524 0.673557	</row3>
																</transform>
															</node>
														</node>
														<node>
															<identifier>	AngelLDigit22BlendBonegrave_gargoyle	</identifier>
															<transform>
																<row0>	-0.004769 0.999522 -0.030542	</row0>
																<row1>	-0.989601 -0.000325 0.143840	</row1>
																<row2>	0.143761 0.030911 0.989130	</row2>
																<row3>	1.582419 0.238022 -0.896710	</row3>
															</transform>
														</node>
													</node>
													<node>
														<identifier>	AngelLDigit21BlendBonegrave_gargoyle	</identifier>
														<transform>
															<row0>	0.020262 0.998923 0.041748	</row0>
															<row1>	-0.627276 -0.019813 0.778545	</row1>
															<row2>	0.778533 -0.041962 0.626199	</row2>
															<row3>	0.702007 0.318422 -1.717246	</row3>
														</transform>
													</node>
												</node>
												<node>
													<identifier>	AngelLDigit31	</identifier>
													<transform>
														<row0>	0.755106 -0.344866 -0.557569	</row0>
														<row1>	0.471146 0.876846 0.095720	</row1>
														<row2>	0.455891 -0.334975 0.824594	</row2>
														<row3>	0.172212 -0.087729 0.020117	</row3>
													</transform>
													<node>
														<identifier>	AngelLDigit32	</identifier>
														<transform>
															<row0>	0.574168 0.041506 -0.817684	</row0>
															<row1>	-0.028056 0.999125 0.031015	</row1>
															<row2>	0.818256 0.005133 0.574830	</row2>
															<row3>	0.130071 -0.000000 0.000000	</row3>
														</transform>
														<node>
															<identifier>	AngelLDigit33	</identifier>
															<transform>
																<row0>	0.879035 0.020602 -0.476312	</row0>
																<row1>	-0.010323 0.999654 0.024187	</row1>
																<row2>	0.476645 -0.016345 0.878944	</row2>
																<row3>	0.042763 -0.000000 0.000000	</row3>
															</transform>
															<node>
																<identifier>	AngelLDigit33BlendBonegrave_gargoyle	</identifier>
																<transform>
																	<row0>	0.322436 0.881908 -0.343908	</row0>
																	<row1>	-0.760281 0.024840 -0.649119	</row1>
																	<row2>	-0.563920 0.470768 0.678507	</row2>
																	<row3>	1.720012 0.009295 0.517174	</row3>
																</transform>
															</node>
														</node>
														<node>
															<identifier>	AngelLDigit32BlendBonegrave_gargoyle	</identifier>
															<transform>
																<row0>	0.110407 0.893867 -0.434525	</row0>
																<row1>	-0.977970 0.019778 -0.207807	</row1>
																<row2>	-0.177158 0.447896 0.876358	</row2>
																<row3>	1.801124 0.036275 -0.364471	</row3>
															</transform>
														</node>
													</node>
													<node>
														<identifier>	AngelLDigit31BlendBonegrave_gargoyle	</identifier>
														<transform>
															<row0>	-0.317239 0.895437 -0.312333	</row0>
															<row1>	-0.732114 -0.021898 0.680831	</row1>
															<row2>	0.602801 0.444650 0.662509	</row2>
															<row3>	0.864972 0.109130 -1.681137	</row3>
														</transform>
													</node>
												</node>
												<node>
													<identifier>	AngelLPalmBlendBonegrave_gargoyle	</identifier>
													<transform>
														<row0>	0.039942 0.999189 0.005046	</row0>
														<row1>	-0.252756 0.005219 0.967516	</row1>
														<row2>	0.966705 -0.039921 0.252759	</row2>
														<row3>	0.110357 0.272801 -1.837971	</row3>
													</transform>
												</node>
											</node>
											<node>
												<identifier>	AngelLForearmBlendBonegrave_gargoyle	</identifier>
												<transform>
													<row0>	0.109513 0.314519 0.942913	</row0>
													<row1>	-0.962274 -0.204153 0.179860	</row1>
													<row2>	0.249067 -0.927038 0.280295	</row2>
													<row3>	2.277756 0.794509 -0.175534	</row3>
												</transform>
											</node>
										</node>
										<node>
											<identifier>	AngelLUpperarmBlendBonegrave_gargoyle	</identifier>
											<transform>
												<row0>	0.226009 -0.361890 0.904409	</row0>
												<row1>	-0.973869 -0.105210 0.201269	</row1>
												<row2>	0.022315 -0.926265 -0.376212	</row2>
												<row3>	3.070860 0.332502 -0.096062	</row3>
											</transform>
										</node>
									</node>
									<node>
										<identifier>	AngelLCollarboneBlendBonegrave_gargoyle	</identifier>
										<transform>
											<row0>	-0.847761 0.096465 0.521533	</row0>
											<row1>	-0.432424 -0.695079 -0.574348	</row1>
											<row2>	0.307102 -0.712433 0.630974	</row2>
											<row3>	1.202549 2.308280 1.874461	</row3>
										</transform>
									</node>
								</node>
								<node>
									<identifier>	AngelRCollarbone	</identifier>
									<transform>
										<row0>	-0.128105 -0.847761 0.514676	</row0>
										<row1>	0.991449 -0.096465 0.087882	</row1>
										<row2>	-0.024854 0.521533 0.852869	</row2>
										<row3>	0.127599 -0.180787 0.230283	</row3>
									</transform>
									<node>
										<identifier>	AngelRUpperarm	</identifier>
										<transform>
											<row0>	0.013224 -0.881179 0.472598	</row0>
											<row1>	-0.018330 0.472347 0.881222	</row1>
											<row2>	-0.999745 -0.020317 -0.009906	</row2>
											<row3>	0.361008 0.000000 0.000000	</row3>
										</transform>
										<node>
											<identifier>	AngelRForearm	</identifier>
											<transform>
												<row0>	0.739847 0.449469 -0.500605	</row0>
												<row1>	-0.662437 0.616627 -0.425380	</row1>
												<row2>	0.117491 0.646335 0.753954	</row2>
												<row3>	0.677026 0.000000 -0.000000	</row3>
											</transform>
											<node>
												<identifier>	AngelRPalm	</identifier>
												<transform>
													<row0>	0.550731 0.781742 0.292531	</row0>
													<row1>	0.011448 0.343362 -0.939133	</row1>
													<row2>	-0.834604 0.520559 0.180150	</row2>
													<row3>	0.603634 -0.000000 0.000000	</row3>
												</transform>
												<node>
													<identifier>	AngelRDigit01	</identifier>
													<transform>
														<row0>	0.906686 -0.417557 -0.059720	</row0>
														<row1>	0.075341 0.021012 0.996937	</row1>
														<row2>	-0.415023 -0.908408 0.050511	</row2>
														<row3>	0.005862 -0.146002 -0.033664	</row3>
													</transform>
													<node>
														<identifier>	AngelRDigit02	</identifier>
														<transform>
															<row0>	0.885063 -0.132896 -0.446097	</row0>
															<row1>	0.143663 0.989579 -0.009775	</row1>
															<row2>	0.442747 -0.055436 0.894931	</row2>
															<row3>	0.122127 -0.000000 0.000000	</row3>
														</transform>
														<node>
															<identifier>	AngelRDigit02BlendBonegrave_gargoyle	</identifier>
															<transform>
																<row0>	-0.005144 -0.043566 -0.999037	</row0>
																<row1>	-0.448391 0.893087 -0.036636	</row1>
																<row2>	0.893823 0.447770 -0.024130	</row2>
																<row3>	0.364971 -1.755538 0.141165	</row3>
															</transform>
														</node>
													</node>
													<node>
														<identifier>	AngelRDigit01BlendBonegrave_gargoyle	</identifier>
														<transform>
															<row0>	-0.453132 0.012954 -0.891349	</row0>
															<row1>	-0.284771 0.945399 0.158510	</row1>
															<row2>	0.844734 0.325656 -0.424703	</row2>
															<row3>	0.255444 -1.793571 -0.019319	</row3>
														</transform>
													</node>
												</node>
												<node>
													<identifier>	AngelRDigit11	</identifier>
													<transform>
														<row0>	0.916652 -0.241420 -0.318537	</row0>
														<row1>	0.281461 0.955747 0.085596	</row1>
														<row2>	0.283776 -0.168118 0.944038	</row2>
														<row3>	0.173797 -0.091821 0.019169	</row3>
													</transform>
													<node>
														<identifier>	AngelRDigit12	</identifier>
														<transform>
															<row0>	0.502531 -0.020791 -0.864309	</row0>
															<row1>	0.035423 0.999366 -0.003444	</row1>
															<row2>	0.863833 -0.028886 0.502949	</row2>
															<row3>	0.138254 0.000000 0.000000	</row3>
														</transform>
														<node>
															<identifier>	AngelRDigit13	</identifier>
															<transform>
																<row0>	0.750742 -0.031231 -0.659857	</row0>
																<row1>	-0.018700 0.997477 -0.068485	</row1>
																<row2>	0.660331 0.063754 0.748264	</row2>
																<row3>	0.047572 -0.000000 -0.000000	</row3>
															</transform>
															<node>
																<identifier>	AngelRDigit13BlendBonegrave_gargoyle	</identifier>
																<transform>
																	<row0>	0.207876 0.955730 -0.208250	</row0>
																	<row1>	-0.721991 0.006279 -0.691873	</row1>
																	<row2>	-0.659936 0.294179 0.691334	</row2>
																	<row3>	1.596016 -0.325400 0.727722	</row3>
																</transform>
															</node>
														</node>
														<node>
															<identifier>	AngelRDigit12BlendBonegrave_gargoyle	</identifier>
															<transform>
																<row0>	0.000676 0.933549 -0.358448	</row0>
																<row1>	-0.999012 -0.015298 -0.041723	</row1>
																<row2>	-0.044434 0.358122 0.932617	</row2>
																<row3>	1.732388 -0.328029 -0.486329	</row3>
															</transform>
														</node>
													</node>
													<node>
														<identifier>	AngelRDigit11BlendBonegrave_gargoyle	</identifier>
														<transform>
															<row0>	-0.276231 0.943298 -0.184080	</row0>
															<row1>	-0.538619 0.006687 0.842523	</row1>
															<row2>	0.795982 0.331880 0.506230	</row2>
															<row3>	0.577108 -0.349791 -1.740789	</row3>
														</transform>
													</node>
												</node>
												<node>
													<identifier>	AngelRDigit21	</identifier>
													<transform>
														<row0>	0.911969 0.014107 -0.410016	</row0>
														<row1>	-0.004342 0.999685 0.024736	</row1>
														<row2>	0.410236 -0.020778 0.911743	</row2>
														<row3>	0.173241 -0.000064 0.023425	</row3>
													</transform>
													<node>
														<identifier>	AngelRDigit22	</identifier>
														<transform>
															<row0>	0.732579 -0.008812 -0.680625	</row0>
															<row1>	-0.044522 0.997155 -0.060830	</row1>
															<row2>	0.679224 0.074866 0.730103	</row2>
															<row3>	0.141229 0.000000 0.000000	</row3>
														</transform>
														<node>
															<identifier>	AngelRDigit23	</identifier>
															<transform>
																<row0>	0.606160 0.019897 -0.795094	</row0>
																<row1>	-0.022473 0.999716 0.007885	</row1>
																<row2>	0.795025 0.013088 0.606435	</row2>
																<row3>	0.047289 -0.000000 0.000000	</row3>
															</transform>
															<node>
																<identifier>	AngelRDigit23BlendBonegrave_gargoyle	</identifier>
																<transform>
																	<row0>	-0.001505 0.999372 0.035394	</row0>
																	<row1>	-0.714216 0.023698 -0.699524	</row1>
																	<row2>	-0.699923 -0.026333 0.713732	</row2>
																	<row3>	1.638768 -0.279523 0.673556	</row3>
																</transform>
															</node>
														</node>
														<node>
															<identifier>	AngelRDigit22BlendBonegrave_gargoyle	</identifier>
															<transform>
																<row0>	0.004769 0.999522 0.030541	</row0>
																<row1>	-0.989601 0.000325 0.143840	</row1>
																<row2>	0.143761 -0.030910 0.989130	</row2>
																<row3>	1.582419 -0.238021 -0.896710	</row3>
															</transform>
														</node>
													</node>
													<node>
														<identifier>	AngelRDigit21BlendBonegrave_gargoyle	</identifier>
														<transform>
															<row0>	-0.020262 0.998923 -0.041748	</row0>
															<row1>	-0.627276 0.019813 0.778545	</row1>
															<row2>	0.778533 0.041963 0.626199	</row2>
															<row3>	0.702007 -0.318421 -1.717246	</row3>
														</transform>
													</node>
												</node>
												<node>
													<identifier>	AngelRDigit31	</identifier>
													<transform>
														<row0>	0.755106 0.344866 -0.557569	</row0>
														<row1>	-0.471146 0.876846 -0.095721	</row1>
														<row2>	0.455891 0.334975 0.824594	</row2>
														<row3>	0.172212 0.087729 0.020117	</row3>
													</transform>
													<node>
														<identifier>	AngelRDigit32	</identifier>
														<transform>
															<row0>	0.574168 -0.041506 -0.817685	</row0>
															<row1>	0.028056 0.999125 -0.031015	</row1>
															<row2>	0.818257 -0.005133 0.574831	</row2>
															<row3>	0.130071 0.000000 0.000000	</row3>
														</transform>
														<node>
															<identifier>	AngelRDigit33	</identifier>
															<transform>
																<row0>	0.879035 -0.020602 -0.476312	</row0>
																<row1>	0.010323 0.999654 -0.024187	</row1>
																<row2>	0.476645 0.016345 0.878944	</row2>
																<row3>	0.042763 -0.000000 -0.000000	</row3>
															</transform>
															<node>
																<identifier>	AngelRDigit33BlendBonegrave_gargoyle	</identifier>
																<transform>
																	<row0>	-0.322436 0.881908 0.343908	</row0>
																	<row1>	-0.760281 -0.024840 -0.649119	</row1>
																	<row2>	-0.563920 -0.470767 0.678507	</row2>
																	<row3>	1.720012 -0.009295 0.517174	</row3>
																</transform>
															</node>
														</node>
														<node>
															<identifier>	AngelRDigit32BlendBonegrave_gargoyle	</identifier>
															<transform>
																<row0>	-0.110407 0.893867 0.434525	</row0>
																<row1>	-0.977970 -0.019778 -0.207807	</row1>
																<row2>	-0.177158 -0.447896 0.876358	</row2>
																<row3>	1.801124 -0.036274 -0.364471	</row3>
															</transform>
														</node>
													</node>
													<node>
														<identifier>	AngelRDigit31BlendBonegrave_gargoyle	</identifier>
														<transform>
															<row0>	0.317238 0.895438 0.312332	</row0>
															<row1>	-0.732114 0.021898 0.680831	</row1>
															<row2>	0.602801 -0.444649 0.662509	</row2>
															<row3>	0.864972 -0.109129 -1.681137	</row3>
														</transform>
													</node>
												</node>
												<node>
													<identifier>	AngelRPalmBlendBonegrave_gargoyle	</identifier>
													<transform>
														<row0>	-0.039943 0.999189 -0.005046	</row0>
														<row1>	-0.252756 -0.005219 0.967516	</row1>
														<row2>	0.966705 0.039921 0.252759	</row2>
														<row3>	0.110357 -0.272800 -1.837972	</row3>
													</transform>
												</node>
											</node>
											<node>
												<identifier>	AngelRForearmBlendBonegrave_gargoyle	</identifier>
												<transform>
													<row0>	-0.109513 0.314518 -0.942913	</row0>
													<row1>	-0.962274 0.204153 0.179860	</row1>
													<row2>	0.249067 0.927038 0.280295	</row2>
													<row3>	2.277756 -0.794508 -0.175535	</row3>
												</transform>
											</node>
										</node>
										<node>
											<identifier>	AngelRUpperarmBlendBonegrave_gargoyle	</identifier>
											<transform>
												<row0>	-0.226009 -0.361890 -0.904409	</row0>
												<row1>	-0.973869 0.105210 0.201269	</row1>
												<row2>	0.022315 0.926265 -0.376213	</row2>
												<row3>	3.070860 -0.332502 -0.096062	</row3>
											</transform>
										</node>
									</node>
									<node>
										<identifier>	AngelRCollarboneBlendBonegrave_gargoyle	</identifier>
										<transform>
											<row0>	0.847760 0.096465 -0.521533	</row0>
											<row1>	-0.432424 0.695079 -0.574348	</row1>
											<row2>	0.307102 0.712433 0.630974	</row2>
											<row3>	1.202549 -2.308281 1.874461	</row3>
										</transform>
									</node>
								</node>
								<node>
									<identifier>	WingLArmCollarbone	</identifier>
									<transform>
										<row0>	0.116665 0.845748 -0.520673	</row0>
										<row1>	-0.990204 0.058554 -0.126759	</row1>
										<row2>	-0.076718 0.530360 0.844294	</row2>
										<row3>	0.198481 0.109791 0.046241	</row3>
									</transform>
									<node>
										<identifier>	WingLArm1	</identifier>
										<transform>
											<row0>	0.832617 -0.376832 -0.405889	</row0>
											<row1>	0.543316 0.697971 0.466524	</row1>
											<row2>	0.107498 -0.608962 0.785882	</row2>
											<row3>	0.220027 0.000000 0.000000	</row3>
										</transform>
										<node>
											<identifier>	WingLArm2	</identifier>
											<transform>
												<row0>	0.981743 -0.179327 0.063424	</row0>
												<row1>	-0.024913 0.209343 0.977525	</row1>
												<row2>	-0.188574 -0.961258 0.201054	</row2>
												<row3>	0.542440 0.000000 0.000000	</row3>
											</transform>
											<node>
												<identifier>	WingLArmPalm	</identifier>
												<transform>
													<row0>	-0.357725 -0.139744 -0.923312	</row0>
													<row1>	0.929678 0.039802 -0.366215	</row1>
													<row2>	0.087926 -0.989387 0.115679	</row2>
													<row3>	0.686766 0.000000 0.000000	</row3>
												</transform>
												<node>
													<identifier>	AngelLArmDigit2W1	</identifier>
													<transform>
														<row0>	0.907826 -0.410944 -0.083529	</row0>
														<row1>	0.412228 0.911078 -0.002047	</row1>
														<row2>	0.076942 -0.032575 0.996503	</row2>
														<row3>	0.426682 0.026506 0.005340	</row3>
													</transform>
													<node>
														<identifier>	AngelLArmDigit2W2	</identifier>
														<transform>
															<row0>	0.952757 -0.292013 -0.083561	</row0>
															<row1>	0.299002 0.950094 0.088991	</row1>
															<row2>	0.053405 -0.109771 0.992521	</row2>
															<row3>	0.860507 -0.000000 -0.000000	</row3>
														</transform>
														<node>
															<identifier>	AngelLArmDigit2W3	</identifier>
															<transform>
																<row0>	0.932717 -0.360457 -0.010503	</row0>
																<row1>	0.353125 0.918872 -0.176005	</row1>
																<row2>	0.073093 0.160454 0.984333	</row2>
																<row3>	0.691265 0.000000 0.000000	</row3>
															</transform>
															<node>
																<identifier>	AngelLArmDigit2W3BlendBonegrave_gargoyle	</identifier>
																<transform>
																	<row0>	0.219160 -0.789874 0.572772	</row0>
																	<row1>	-0.971771 -0.229267 0.055665	</row1>
																	<row2>	0.087348 -0.568803 -0.817823	</row2>
																	<row3>	3.156346 -0.865378 -0.313063	</row3>
																</transform>
															</node>
														</node>
														<node>
															<identifier>	AngelLArmDigit2W2BlendBonegrave_gargoyle	</identifier>
															<transform>
																<row0>	-0.032643 -0.712887 0.700518	</row0>
																<row1>	-0.983277 0.148547 0.105352	</row1>
																<row2>	-0.179164 -0.685365 -0.705815	</row2>
																<row3>	3.306772 -1.983133 -0.189001	</row3>
															</transform>
														</node>
													</node>
													<node>
														<identifier>	AngelLArmDigit2W1BlendBonegrave_gargoyle	</identifier>
														<transform>
															<row0>	-0.206844 -0.744675 0.634567	</row0>
															<row1>	-0.886782 0.416699 0.199947	</row1>
															<row2>	-0.413319 -0.521365 -0.746556	</row2>
															<row3>	3.408003 -2.829038 -0.640386	</row3>
														</transform>
													</node>
												</node>
												<node>
													<identifier>	AngelLArmDigit1W1	</identifier>
													<transform>
														<row0>	0.650466 -0.757072 -0.061128	</row0>
														<row1>	0.755882 0.653121 -0.045551	</row1>
														<row2>	0.074410 -0.016577 0.997090	</row2>
														<row3>	0.054799 -0.021978 -0.038623	</row3>
													</transform>
													<node>
														<identifier>	AngelLArmDigit1W2	</identifier>
														<transform>
															<row0>	0.995579 -0.090262 -0.025995	</row0>
															<row1>	0.091152 0.995210 0.035340	</row1>
															<row2>	0.022681 -0.037554 0.999037	</row2>
															<row3>	0.710382 -0.000000 0.000000	</row3>
														</transform>
														<node>
															<identifier>	AngelLArmDigit1W3	</identifier>
															<transform>
																<row0>	0.949020 -0.305655 -0.077054	</row0>
																<row1>	0.299225 0.950414 -0.084722	</row1>
																<row2>	0.099129 0.057346 0.993421	</row2>
																<row3>	0.399426 -0.000000 0.000000	</row3>
															</transform>
															<node>
																<identifier>	AngelLArmDigit1W3BlendBonegrave_gargoyle	</identifier>
																<transform>
																	<row0>	0.350314 -0.693128 0.629963	</row0>
																	<row1>	-0.918993 -0.384275 0.088236	</row1>
																	<row2>	0.180919 -0.609842 -0.771597	</row2>
																	<row3>	3.453500 0.610103 -0.205320	</row3>
																</transform>
															</node>
														</node>
														<node>
															<identifier>	AngelLArmDigit1W2BlendBonegrave_gargoyle	</identifier>
															<transform>
																<row0>	0.187501 -0.729708 0.657548	</row0>
																<row1>	-0.978380 -0.079266 0.191024	</row1>
																<row2>	-0.087271 -0.679149 -0.728794	</row2>
																<row3>	3.839067 -0.487503 -0.521764	</row3>
															</transform>
														</node>
													</node>
													<node>
														<identifier>	AngelLArmDigit1W1BlendBonegrave_gargoyle	</identifier>
														<transform>
															<row0>	0.135072 -0.767830 0.626253	</row0>
															<row1>	-0.976947 0.002251 0.213472	</row1>
															<row2>	-0.165320 -0.640650 -0.749825	</row2>
															<row3>	4.476206 -0.812097 -0.638286	</row3>
														</transform>
													</node>
												</node>
												<node>
													<identifier>	AngelLArmDigit3W1	</identifier>
													<transform>
														<row0>	0.892111 -0.448261 -0.056572	</row0>
														<row1>	0.449628 0.893112 0.013622	</row1>
														<row2>	0.044419 -0.037589 0.998306	</row2>
														<row3>	0.031675 -0.003296 -0.019218	</row3>
													</transform>
													<node>
														<identifier>	AngelLArmDigit3W2	</identifier>
														<transform>
															<row0>	0.948911 -0.306635 -0.074447	</row0>
															<row1>	0.308934 0.950844 0.021328	</row1>
															<row2>	0.064248 -0.043237 0.996997	</row2>
															<row3>	0.897689 0.000000 0.000000	</row3>
														</transform>
														<node>
															<identifier>	AngelLArmDigit3W3	</identifier>
															<transform>
																<row0>	0.950601 -0.307967 -0.038905	</row0>
																<row1>	0.304678 0.949660 -0.072915	</row1>
																<row2>	0.059402 0.057460 0.996579	</row2>
																<row3>	0.634575 -0.000000 0.000000	</row3>
															</transform>
															<node>
																<identifier>	AngelLArmDigit3W3BlendBonegrave_gargoyle	</identifier>
																<transform>
																	<row0>	0.227156 -0.742662 0.629963	</row0>
																	<row1>	-0.971010 -0.222156 0.088236	</row1>
																	<row2>	0.074420 -0.631744 -0.771597	</row2>
																	<row3>	3.292530 -0.475260 -0.250876	</row3>
																</transform>
															</node>
														</node>
														<node>
															<identifier>	AngelLArmDigit3W2BlendBonegrave_gargoyle	</identifier>
															<transform>
																<row0>	0.027083 -0.739035 0.673122	</row0>
																<row1>	-0.985488 0.093137 0.141909	</row1>
																<row2>	-0.167569 -0.667197 -0.725788	</row2>
																<row3>	3.604753 -1.479743 -0.343458	</row3>
															</transform>
														</node>
													</node>
													<node>
														<identifier>	AngelLArmDigit3W1BlendBonegrave_gargoyle	</identifier>
														<transform>
															<row0>	-0.159367 -0.740116 0.653322	</row0>
															<row1>	-0.897250 0.384609 0.216836	</row1>
															<row2>	-0.411758 -0.551637 -0.725363	</row2>
