<flying_dragon.visual>
	<node>
		<identifier>	Scene Root	</identifier>
		<transform>
			<row0>	1.000000 0.000000 0.000000	</row0>
			<row1>	0.000000 1.000000 0.000000	</row1>
			<row2>	0.000000 0.000000 1.000000	</row2>
			<row3>	0.000000 0.000000 0.000000	</row3>
		</transform>
		<node>
			<identifier>	English Dragon	</identifier>
			<transform>
				<row0>	-0.000000 1.000000 0.000000	</row0>
				<row1>	-1.000000 -0.000000 0.000000	</row1>
				<row2>	0.000000 -0.000000 1.000000	</row2>
				<row3>	0.123779 -0.000000 -2.990177	</row3>
			</transform>
		</node>
		<node>
			<identifier>	English DragonPelvis	</identifier>
			<transform>
				<row0>	-0.000000 0.262693 0.964880	</row0>
				<row1>	-1.000000 0.000000 -0.000000	</row1>
				<row2>	-0.000000 -0.964880 0.262693	</row2>
				<row3>	0.000000 4.224776 -3.869441	</row3>
			</transform>
			<node>
				<identifier>	CATRigBLLeg1	</identifier>
				<transform>
					<row0>	0.471076 0.334735 0.816113	</row0>
					<row1>	-0.102512 -0.898156 0.427558	</row1>
					<row2>	0.876116 -0.285074 -0.388786	</row2>
					<row3>	0.008808 0.796377 -0.049423	</row3>
				</transform>
				<node>
					<identifier>	CATRigBLLeg2	</identifier>
					<transform>
						<row0>	-0.472202 0.158405 -0.867141	</row0>
						<row1>	-0.007553 0.982958 0.183674	</row1>
						<row2>	0.881458 0.093281 -0.462959	</row2>
						<row3>	2.436537 0.000000 -0.000001	</row3>
					</transform>
					<node>
						<identifier>	CATRigBLLeg3	</identifier>
						<transform>
							<row0>	0.219935 0.015889 0.975385	</row0>
							<row1>	0.058612 0.997846 -0.029471	</row1>
							<row2>	-0.973752 0.063651 0.218531	</row2>
							<row3>	1.820870 0.000000 0.000000	</row3>
						</transform>
						<node>
							<identifier>	CATRigBLLegBLLegPalm	</identifier>
							<transform>
								<row0>	0.991988 0.014534 0.125493	</row0>
								<row1>	-0.013182 0.999846 -0.011603	</row1>
								<row2>	-0.125643 0.009856 0.992027	</row2>
								<row3>	0.918017 0.000000 0.000000	</row3>
							</transform>
							<node>
								<identifier>	CATRigBLLegDigit01	</identifier>
								<transform>
									<row0>	0.798190 -0.256545 -0.545048	</row0>
									<row1>	0.300735 0.953670 -0.008468	</row1>
									<row2>	0.521968 -0.157157 0.838362	</row2>
									<row3>	0.428931 -0.337586 0.028210	</row3>
								</transform>
								<node>
									<identifier>	CATRigBLLegDigit02	</identifier>
									<transform>
										<row0>	0.636593 -0.036363 -0.770342	</row0>
										<row1>	0.087734 0.995818 0.025495	</row1>
										<row2>	0.766193 -0.083815 0.637122	</row2>
										<row3>	0.638816 -0.000000 0.000000	</row3>
									</transform>
									<node>
										<identifier>	CATRigBLLegDigit03	</identifier>
										<transform>
											<row0>	0.520688 -0.115991 -0.845831	</row0>
											<row1>	0.060805 0.993250 -0.098775	</row1>
											<row2>	0.851579 -0.000000 0.524226	</row2>
											<row3>	0.456858 -0.000000 -0.000000	</row3>
										</transform>
										<node>
											<identifier>	CATRigBLLegDigit03BlendBoneDragon_Mesh	</identifier>
											<transform>
												<row0>	0.406697 0.818729 -0.405315	</row0>
												<row1>	0.571083 -0.574135 -0.586714	</row1>
												<row2>	-0.713065 0.007146 -0.701061	</row2>
												<row3>	-2.256309 2.183819 -4.247481	</row3>
											</transform>
										</node>
									</node>
									<node>
										<identifier>	CATRigBLLegDigit02BlendBoneDragon_Mesh	</identifier>
										<transform>
											<row0>	-0.083613 0.766030 -0.637344	</row0>
											<row1>	-0.237188 -0.636500 -0.733900	</row1>
											<row2>	-0.967859 0.089807 0.234912	</row2>
											<row3>	-4.202253 2.430789 -0.533892	</row3>
										</transform>
									</node>
								</node>
								<node>
									<identifier>	CATRigBLLegDigit01BlendBoneDragon_Mesh	</identifier>
									<transform>
										<row0>	-0.474348 0.819286 -0.322125	</row0>
										<row1>	-0.769144 -0.563701 -0.301096	</row1>
										<row2>	-0.428266 0.104936 0.897539	</row2>
										<row3>	-2.232112 2.618177 2.958992	</row3>
									</transform>
								</node>
							</node>
							<node>
								<identifier>	CATRigBLLegDigit11	</identifier>
								<transform>
									<row0>	0.810657 0.190383 -0.553706	</row0>
									<row1>	-0.209601 0.977352 0.029179	</row1>
									<row2>	0.546720 0.092403 0.832201	</row2>
									<row3>	0.513480 -0.064223 0.074694	</row3>
								</transform>
								<node>
									<identifier>	CATRigBLLegDigit12	</identifier>
									<transform>
										<row0>	0.671076 0.045199 -0.740010	</row0>
										<row1>	-0.048384 0.998682 0.017122	</row1>
										<row2>	0.739808 0.024314 0.672378	</row2>
										<row3>	0.715792 -0.000000 0.000000	</row3>
									</transform>
									<node>
										<identifier>	CATRigBLLegDigit13	</identifier>
										<transform>
											<row0>	0.777112 -0.000000 -0.629363	</row0>
											<row1>	0.000000 1.000000 -0.000000	</row1>
											<row2>	0.629363 -0.000000 0.777112	</row2>
											<row3>	0.498790 0.000000 0.000000	</row3>
										</transform>
										<node>
											<identifier>	CATRigBLLegDigit13BlendBoneDragon_Mesh	</identifier>
											<transform>
												<row0>	0.108115 0.994091 -0.009695	</row0>
												<row1>	0.345126 -0.046677 -0.937395	</row1>
												<row2>	-0.932308 0.098001 -0.348133	</row2>
												<row3>	-3.933863 2.431970 -1.899467	</row3>
											</transform>
										</node>
									</node>
									<node>
										<identifier>	CATRigBLLegDigit12BlendBoneDragon_Mesh	</identifier>
										<transform>
											<row0>	0.077916 0.994091 -0.075578	</row0>
											<row1>	-0.321760 -0.046677 -0.945670	</row1>
											<row2>	-0.943610 0.098001 0.316222	</row2>
											<row3>	-3.753715 2.431970 0.999728	</row3>
										</transform>
									</node>
								</node>
								<node>
									<identifier>	CATRigBLLegDigit11BlendBoneDragon_Mesh	</identifier>
									<transform>
										<row0>	-0.051723 0.994465 -0.091455	</row0>
										<row1>	-0.913281 -0.084152 -0.398542	</row1>
										<row2>	-0.404032 0.062910 0.912579	</row2>
										<row3>	-1.181295 2.283409 3.491621	</row3>
									</transform>
								</node>
							</node>
							<node>
								<identifier>	CATRigBLLegDigit21	</identifier>
								<transform>
									<row0>	0.724623 0.537025 -0.431887	</row0>
									<row1>	-0.585637 0.810193 0.024842	</row1>
									<row2>	0.363251 0.234927 0.901586	</row2>
									<row3>	0.433033 0.302224 0.058293	</row3>
								</transform>
								<node>
									<identifier>	CATRigBLLegDigit22	</identifier>
									<transform>
										<row0>	0.754049 -0.018311 -0.656563	</row0>
										<row1>	0.016483 0.999824 -0.008953	</row1>
										<row2>	0.656611 -0.004071 0.754219	</row2>
										<row3>	0.562080 0.000000 -0.000000	</row3>
									</transform>
									<node>
										<identifier>	CATRigBLLegDigit23	</identifier>
										<transform>
											<row0>	0.308632 0.079663 -0.947840	</row0>
											<row1>	-0.063444 0.995992 0.063052	</row1>
											<row2>	0.949064 0.040675 0.312449	</row2>
											<row3>	0.457278 0.000000 0.000000	</row3>
										</transform>
										<node>
											<identifier>	CATRigBLLegDigit23BlendBoneDragon_Mesh	</identifier>
											<transform>
												<row0>	-0.133885 0.955887 0.261448	</row0>
												<row1>	0.614183 0.287083 -0.735094	</row1>
												<row2>	-0.777724 0.062158 -0.625525	</row2>
												<row3>	-3.400953 1.688611 -2.556311	</row3>
											</transform>
										</node>
									</node>
									<node>
										<identifier>	CATRigBLLegDigit22BlendBoneDragon_Mesh	</identifier>
										<transform>
											<row0>	0.146164 0.952024 0.268862	</row0>
											<row1>	-0.526308 0.304960 -0.793725	</row1>
											<row2>	-0.837637 -0.025490 0.545632	</row2>
											<row3>	-3.125597 1.306934 2.531312	</row3>
										</transform>
									</node>
								</node>
								<node>
									<identifier>	CATRigBLLegDigit21BlendBoneDragon_Mesh	</identifier>
									<transform>
										<row0>	0.302445 0.948085 0.098291	</row0>
										<row1>	-0.913004 0.317775 -0.255818	</row1>
										<row2>	-0.273771 -0.012369 0.961715	</row2>
										<row3>	-0.111141 1.353630 3.949611	</row3>
									</transform>
								</node>
							</node>
							<node>
								<identifier>	CATRigBLLegPalm01	</identifier>
								<transform>
									<row0>	0.330011 0.748305 -0.575441	</row0>
									<row1>	0.907523 -0.083733 0.411572	</row1>
									<row2>	0.259797 -0.658049 -0.706737	</row2>
									<row3>	-0.233070 0.250844 0.131323	</row3>
								</transform>
								<node>
									<identifier>	CATRigBLLegPalm02	</identifier>
									<transform>
										<row0>	0.996487 0.000000 -0.083746	</row0>
										<row1>	0.000000 1.000000 0.000000	</row1>
										<row2>	0.083746 0.000000 0.996487	</row2>
										<row3>	0.331692 0.000000 0.000000	</row3>
									</transform>
									<node>
										<identifier>	CATRigBLLegPalm03	</identifier>
										<transform>
											<row0>	0.490326 -0.000000 0.871539	</row0>
											<row1>	0.000000 1.000000 0.000000	</row1>
											<row2>	-0.871539 -0.000000 0.490326	</row2>
											<row3>	0.394113 0.000000 0.000000	</row3>
										</transform>
										<node>
											<identifier>	CATRigBLLegPalm03BlendBoneDragon_Mesh	</identifier>
											<transform>
												<row0>	-0.214095 -0.340577 -0.915516	</row0>
												<row1>	-0.513108 -0.758317 0.402089	</row1>
												<row2>	-0.831194 0.555844 -0.012401	</row2>
												<row3>	-3.326568 2.494268 -1.262703	</row3>
											</transform>
										</node>
									</node>
									<node>
										<identifier>	CATRigBLLegPalm02BlendBoneDragon_Mesh	</identifier>
										<transform>
											<row0>	0.692932 -0.340577 -0.635494	</row0>
											<row1>	-0.602026 -0.758317 -0.250039	</row1>
											<row2>	-0.396748 0.555844 -0.730499	</row2>
											<row3>	-0.136496 2.494269 -3.518370	</row3>
										</transform>
									</node>
								</node>
								<node>
									<identifier>	CATRigBLLegPalm01BlendBoneDragon_Mesh	</identifier>
									<transform>
										<row0>	0.637278 -0.340577 -0.691292	</row0>
										<row1>	-0.620851 -0.758317 -0.198743	</row1>
										<row2>	-0.456531 0.555844 -0.694707	</row2>
										<row3>	-0.098974 2.494269 -3.494579	</row3>
									</transform>
								</node>
							</node>
							<node>
								<identifier>	CATRigBLLegBLLegPalmBlendBoneDragon_Mesh	</identifier>
								<transform>
									<row0>	-0.278368 0.960300 -0.018327	</row0>
									<row1>	-0.944711 -0.270307 0.185621	</row1>
									<row2>	0.173297 0.068984 0.982451	</row2>
									<row3>	1.089990 2.267534 3.684594	</row3>
								</transform>
							</node>
						</node>
						<node>
							<identifier>	CATRigBLLeg3BlendBoneDragon_Mesh	</identifier>
							<transform>
								<row0>	-0.286494 0.955925 -0.064256	</row0>
								<row1>	-0.956901 -0.282167 0.068722	</row1>
								<row2>	0.047562 0.081175 0.995564	</row2>
								<row3>	1.506441 2.319340 3.765692	</row3>
							</transform>
						</node>
					</node>
					<node>
						<identifier>	CATRigBLLeg2BlendBoneDragon_Mesh	</identifier>
						<transform>
							<row0>	0.019722 0.945366 -0.325413	</row0>
							<row1>	-0.394189 -0.291759 -0.871488	</row1>
							<row2>	-0.918817 0.145462 0.366899	</row2>
							<row3>	-1.107951 2.578387 2.569644	</row3>
						</transform>
					</node>
				</node>
				<node>
					<identifier>	CATRigBLLeg1BlendBoneDragon_Mesh	</identifier>
					<transform>
						<row0>	-0.321397 0.912448 0.253266	</row0>
						<row1>	-0.705853 -0.409132 0.578258	</row1>
						<row2>	0.631249 0.007082 0.775548	</row2>
						<row3>	5.206823 2.503037 0.734183	</row3>
					</transform>
				</node>
			</node>
			<node>
				<identifier>	CATRigBRLeg1	</identifier>
				<transform>
					<row0>	0.425483 -0.314694 0.848488	</row0>
					<row1>	0.098146 -0.916014 -0.388955	</row1>
					<row2>	0.899629 0.248770 -0.358862	</row2>
					<row3>	0.008808 -0.796377 -0.049423	</row3>
				</transform>
				<node>
					<identifier>	CATRigBRLeg2	</identifier>
					<transform>
						<row0>	-0.291326 -0.173871 -0.940690	</row0>
						<row1>	0.005936 0.982996 -0.183529	</row1>
						<row2>	0.956606 -0.059050 -0.285340	</row2>
						<row3>	2.436537 0.000000 -0.000001	</row3>
					</transform>
					<node>
						<identifier>	CATRigBRLeg3	</identifier>
						<transform>
							<row0>	0.338396 -0.015185 0.940881	</row0>
							<row1>	-0.055166 0.997830 0.035944	</row1>
							<row2>	-0.939385 -0.064067 0.336825	</row2>
							<row3>	1.820871 0.000000 -0.000000	</row3>
						</transform>
						<node>
							<identifier>	CATRigBRLegBRLegPalm	</identifier>
							<transform>
								<row0>	0.991988 -0.014534 0.125493	</row0>
								<row1>	0.013182 0.999846 0.011603	</row1>
								<row2>	-0.125643 -0.009856 0.992027	</row2>
								<row3>	0.918016 -0.000000 0.000000	</row3>
							</transform>
							<node>
								<identifier>	CATRigBRLegDigit01	</identifier>
								<transform>
									<row0>	0.777352 0.284290 -0.561162	</row0>
									<row1>	-0.330222 0.943678 0.020635	</row1>
									<row2>	0.535422 0.169268 0.827449	</row2>
									<row3>	0.428930 0.337586 0.028210	</row3>
								</transform>
								<node>
									<identifier>	CATRigBRLegDigit02	</identifier>
									<transform>
										<row0>	0.636593 0.036363 -0.770342	</row0>
										<row1>	-0.087734 0.995818 -0.025495	</row1>
										<row2>	0.766193 0.083815 0.637121	</row2>
										<row3>	0.638816 0.000000 0.000000	</row3>
									</transform>
									<node>
										<identifier>	CATRigBRLegDigit03	</identifier>
										<transform>
											<row0>	0.520688 0.115991 -0.845831	</row0>
											<row1>	-0.060805 0.993250 0.098775	</row1>
											<row2>	0.851579 0.000000 0.524226	</row2>
											<row3>	0.456858 0.000000 0.000000	</row3>
										</transform>
										<node>
											<identifier>	CATRigBRLegDigit03BlendBoneDragon_Mesh	</identifier>
											<transform>
												<row0>	-0.406697 0.818729 0.405315	</row0>
												<row1>	0.571083 0.574135 -0.586714	</row1>
												<row2>	-0.713065 -0.007146 -0.701061	</row2>
												<row3>	-2.246068 -2.156353 -4.241495	</row3>
											</transform>
										</node>
									</node>
									<node>
										<identifier>	CATRigBRLegDigit02BlendBoneDragon_Mesh	</identifier>
										<transform>
											<row0>	0.083613 0.766030 0.637343	</row0>
											<row1>	-0.237188 0.636500 -0.733900	</row1>
											<row2>	-0.967859 -0.089807 0.234912	</row2>
											<row3>	-4.193494 -2.402321 -0.536703	</row3>
										</transform>
									</node>
								</node>
								<node>
									<identifier>	CATRigBRLegDigit01BlendBoneDragon_Mesh	</identifier>
									<transform>
										<row0>	0.474348 0.819286 0.322125	</row0>
										<row1>	-0.769144 0.563701 -0.301096	</row1>
										<row2>	-0.428266 -0.104936 0.897539	</row2>
										<row3>	-2.231187 -2.589745 2.949726	</row3>
									</transform>
								</node>
							</node>
							<node>
								<identifier>	CATRigBRLegDigit11	</identifier>
								<transform>
									<row0>	0.803628 -0.161974 -0.572666	</row0>
									<row1>	0.178150 0.983599 -0.028203	</row1>
									<row2>	0.567842 -0.079355 0.819304	</row2>
									<row3>	0.513480 0.064223 0.074694	</row3>
								</transform>
								<node>
									<identifier>	CATRigBRLegDigit12	</identifier>
									<transform>
										<row0>	0.671076 -0.045199 -0.740010	</row0>
										<row1>	0.048384 0.998682 -0.017122	</row1>
										<row2>	0.739808 -0.024314 0.672378	</row2>
										<row3>	0.715792 -0.000000 0.000000	</row3>
									</transform>
									<node>
										<identifier>	CATRigBRLegDigit13	</identifier>
										<transform>
											<row0>	0.777112 0.000000 -0.629363	</row0>
											<row1>	-0.000000 1.000000 0.000000	</row1>
											<row2>	0.629363 0.000000 0.777112	</row2>
											<row3>	0.498790 0.000000 0.000000	</row3>
										</transform>
										<node>
											<identifier>	CATRigBRLegDigit13BlendBoneDragon_Mesh	</identifier>
											<transform>
												<row0>	-0.108115 0.994091 0.009695	</row0>
												<row1>	0.345126 0.046677 -0.937395	</row1>
												<row2>	-0.932308 -0.098001 -0.348133	</row2>
												<row3>	-3.919444 -2.408428 -1.910411	</row3>
											</transform>
										</node>
									</node>
									<node>
										<identifier>	CATRigBRLegDigit12BlendBoneDragon_Mesh	</identifier>
										<transform>
											<row0>	-0.077916 0.994091 0.075577	</row0>
											<row1>	-0.321760 0.046677 -0.945670	</row1>
											<row2>	-0.943610 -0.098001 0.316222	</row2>
											<row3>	-3.749398 -2.408429 0.982150	</row3>
										</transform>
									</node>
								</node>
								<node>
									<identifier>	CATRigBRLegDigit11BlendBoneDragon_Mesh	</identifier>
									<transform>
										<row0>	0.051723 0.994465 0.091455	</row0>
										<row1>	-0.913281 0.084152 -0.398542	</row1>
										<row2>	-0.404032 -0.062910 0.912579	</row2>
										<row3>	-1.190264 -2.259666 3.476204	</row3>
									</transform>
								</node>
							</node>
							<node>
								<identifier>	CATRigBRLegDigit21	</identifier>
								<transform>
									<row0>	0.731253 -0.511764 -0.450963	</row0>
									<row1>	0.559244 0.828339 -0.033184	</row1>
									<row2>	0.390531 -0.227932 0.891926	</row2>
									<row3>	0.433033 -0.302224 0.058293	</row3>
								</transform>
								<node>
									<identifier>	CATRigBRLegDigit22	</identifier>
									<transform>
										<row0>	0.754049 0.018311 -0.656563	</row0>
										<row1>	-0.016483 0.999824 0.008953	</row1>
										<row2>	0.656611 0.004071 0.754219	</row2>
										<row3>	0.562080 0.000000 0.000000	</row3>
									</transform>
									<node>
										<identifier>	CATRigBRLegDigit23	</identifier>
										<transform>
											<row0>	0.308632 -0.079663 -0.947840	</row0>
											<row1>	0.063444 0.995992 -0.063052	</row1>
											<row2>	0.949064 -0.040675 0.312449	</row2>
											<row3>	0.457278 0.000000 0.000000	</row3>
										</transform>
										<node>
											<identifier>	CATRigBRLegDigit23BlendBoneDragon_Mesh	</identifier>
											<transform>
												<row0>	0.133886 0.955887 -0.261448	</row0>
												<row1>	0.614183 -0.287083 -0.735094	</row1>
												<row2>	-0.777724 -0.062158 -0.625525	</row2>
												<row3>	-3.380363 -1.670970 -2.565002	</row3>
											</transform>
										</node>
									</node>
									<node>
										<identifier>	CATRigBRLegDigit22BlendBoneDragon_Mesh	</identifier>
										<transform>
											<row0>	-0.146164 0.952024 -0.268862	</row0>
											<row1>	-0.526308 -0.304960 -0.793725	</row1>
											<row2>	-0.837637 0.025490 0.545632	</row2>
											<row3>	-3.126372 -1.290650 2.507968	</row3>
										</transform>
									</node>
								</node>
								<node>
									<identifier>	CATRigBRLegDigit21BlendBoneDragon_Mesh	</identifier>
									<transform>
										<row0>	-0.302445 0.948085 -0.098291	</row0>
										<row1>	-0.913004 -0.317775 -0.255818	</row1>
										<row2>	-0.273771 0.012369 0.961715	</row2>
										<row3>	-0.127322 -1.337459 3.932660	</row3>
									</transform>
								</node>
							</node>
							<node>
								<identifier>	CATRigBRLegPalm01	</identifier>
								<transform>
									<row0>	0.330011 -0.748305 -0.575441	</row0>
									<row1>	-0.907523 -0.083733 -0.411572	</row1>
									<row2>	0.259797 0.658049 -0.706737	</row2>
									<row3>	-0.233071 -0.250844 0.131323	</row3>
								</transform>
								<node>
									<identifier>	CATRigBRLegPalm02	</identifier>
									<transform>
										<row0>	0.996487 -0.000000 -0.083746	</row0>
										<row1>	0.000000 1.000000 0.000000	</row1>
										<row2>	0.083746 -0.000000 0.996487	</row2>
										<row3>	0.331692 0.000000 0.000000	</row3>
									</transform>
									<node>
										<identifier>	CATRigBRLegPalm03	</identifier>
										<transform>
											<row0>	0.490326 0.000000 0.871539	</row0>
											<row1>	0.000000 1.000000 -0.000000	</row1>
											<row2>	-0.871539 0.000000 0.490326	</row2>
											<row3>	0.394113 0.000000 -0.000000	</row3>
										</transform>
										<node>
											<identifier>	CATRigBRLegPalm03BlendBoneDragon_Mesh	</identifier>
											<transform>
												<row0>	0.211592 -0.335244 0.918063	</row0>
												<row1>	-0.517136 0.758667 0.396226	</row1>
												<row2>	-0.829337 -0.558601 -0.012839	</row2>
												<row3>	-3.306370 -2.503905 -1.239953	</row3>
											</transform>
										</node>
									</node>
									<node>
										<identifier>	CATRigBRLegPalm02BlendBoneDragon_Mesh	</identifier>
										<transform>
											<row0>	-0.696379 -0.335244 0.634561	</row0>
											<row1>	-0.598891 0.758667 -0.256424	</row1>
											<row2>	-0.395456 -0.558601 -0.729095	</row2>
											<row3>	-0.146420 -2.503905 -3.489613	</row3>
										</transform>
									</node>
								</node>
								<node>
									<identifier>	CATRigBRLegPalm01BlendBoneDragon_Mesh	</identifier>
									<transform>
										<row0>	-0.640791 -0.335244 0.690651	</row0>
										<row1>	-0.618262 0.758667 -0.205369	</row1>
										<row2>	-0.455126 -0.558601 -0.693416	</row2>
										<row3>	-0.106454 -2.503905 -3.465092	</row3>
									</transform>
								</node>
							</node>
							<node>
								<identifier>	CATRigBRLegBRLegPalmBlendBoneDragon_Mesh	</identifier>
								<transform>
									<row0>	0.272202 0.962060 0.018606	</row0>
									<row1>	-0.945896 0.263980 0.188669	</row1>
									<row2>	0.176599 -0.068955 0.981865	</row2>
									<row3>	1.103927 -2.241725 3.672025	</row3>
								</transform>
							</node>
						</node>
						<node>
							<identifier>	CATRigBRLeg3BlendBoneDragon_Mesh	</identifier>
							<transform>
								<row0>	0.280365 0.957772 0.063780	</row0>
								<row1>	-0.958542 0.275828 0.071524	</row1>
								<row2>	0.050911 -0.081189 0.995398	</row2>
								<row3>	1.522186 -2.293615 3.755272	</row3>
							</transform>
						</node>
					</node>
					<node>
						<identifier>	CATRigBRLeg2BlendBoneDragon_Mesh	</identifier>
						<transform>
							<row0>	-0.020265 0.947339 0.319591	</row0>
							<row1>	-0.400133 0.285256 -0.870932	</row1>
							<row2>	-0.916233 -0.145529 0.373281	</row2>
							<row3>	-1.085110 -2.552304 2.592453	</row3>
						</transform>
					</node>
				</node>
				<node>
					<identifier>	CATRigBRLeg1BlendBoneDragon_Mesh	</identifier>
					<transform>
						<row0>	0.316434 0.915174 -0.249652	</row0>
						<row1>	-0.707174 0.402993 0.580949	</row1>
						<row2>	0.632277 -0.007285 0.774708	</row2>
						<row3>	5.220404 -2.479751 0.716550	</row3>
					</transform>
				</node>
			</node>
			<node>
				<identifier>	CATRigSpine01	</identifier>
				<transform>
					<row0>	0.998930 -0.000000 -0.046238	</row0>
					<row1>	0.000000 1.000000 -0.000000	</row1>
					<row2>	0.046238 0.000000 0.998930	</row2>
					<row3>	-0.006013 0.000000 -0.172849	</row3>
				</transform>
				<node>
					<identifier>	CATRigSpine02	</identifier>
					<transform>
						<row0>	0.999594 -0.000000 -0.028493	</row0>
						<row1>	-0.000000 1.000000 0.000000	</row1>
						<row2>	0.028493 -0.000000 0.999594	</row2>
						<row3>	0.625831 0.000000 -0.000000	</row3>
					</transform>
					<node>
						<identifier>	CATRigSpine03	</identifier>
						<transform>
							<row0>	0.996804 -0.000000 0.079891	</row0>
							<row1>	0.000000 1.000000 -0.000000	</row1>
							<row2>	-0.079891 0.000000 0.996804	</row2>
							<row3>	0.625830 0.000000 0.000000	</row3>
						</transform>
						<node>
							<identifier>	CATRigSpine04	</identifier>
							<transform>
								<row0>	0.999798 -0.000000 0.020083	</row0>
								<row1>	-0.000000 1.000000 0.000000	</row1>
								<row2>	-0.020083 -0.000000 0.999798	</row2>
								<row3>	0.579856 0.000000 0.000000	</row3>
							</transform>
							<node>
								<identifier>	CATRigSpine05	</identifier>
								<transform>
									<row0>	0.986924 0.000000 0.161184	</row0>
									<row1>	-0.000000 1.000000 0.000000	</row1>
									<row2>	-0.161184 -0.000000 0.986924	</row2>
									<row3>	0.670475 -0.000000 0.000000	</row3>
								</transform>
								<node>
									<identifier>	CATRigSpine06	</identifier>
									<transform>
										<row0>	0.991218 -0.000000 0.132241	</row0>
										<row1>	0.000000 1.000000 -0.000000	</row1>
										<row2>	-0.132240 0.000000 0.991218	</row2>
										<row3>	0.625830 0.000000 0.000000	</row3>
									</transform>
									<node>
										<identifier>	English DragonRibcage	</identifier>
										<transform>
											<row0>	0.998120 0.000000 0.061290	</row0>
											<row1>	-0.000000 1.000000 0.000000	</row1>
											<row2>	-0.061290 -0.000000 0.998120	</row2>
											<row3>	1.180866 0.000000 0.000000	</row3>
										</transform>
										<node>
											<identifier>	CATRigFLLegCollarbone	</identifier>
											<transform>
												<row0>	-0.315178 0.932093 0.178509	</row0>
												<row1>	0.174731 0.241873 -0.954445	</row1>
												<row2>	-0.932808 -0.269630 -0.239099	</row2>
												<row3>	0.281600 0.795932 0.262592	</row3>
											</transform>
											<node>
												<identifier>	CATRigFLLeg1	</identifier>
												<transform>
													<row0>	0.475989 -0.871687 -0.116601	</row0>
													<row1>	-0.870593 -0.485805 0.077858	</row1>
													<row2>	-0.124513 0.064453 -0.990122	</row2>
													<row3>	0.558352 0.000000 0.000000	</row3>
												</transform>
												<node>
													<identifier>	CATRigFLLeg2	</identifier>
													<transform>
														<row0>	-0.001638 0.010220 0.999946	</row0>
														<row1>	0.077347 0.996953 -0.010062	</row1>
														<row2>	-0.997003 0.077327 -0.002424	</row2>
														<row3>	2.366705 -0.000001 0.000000	</row3>
													</transform>
													<node>
														<identifier>	CATRigFLLeg3	</identifier>
														<transform>
															<row0>	0.887537 0.115014 -0.446149	</row0>
															<row1>	-0.081431 0.992255 0.093803	</row1>
															<row2>	0.453481 -0.046923 0.890030	</row2>
															<row3>	1.470796 0.000000 0.000001	</row3>
														</transform>
														<node>
															<identifier>	CATRigFLLegPalm	</identifier>
															<transform>
																<row0>	0.982642 -0.030743 0.182948	</row0>
																<row1>	0.011437 0.994336 0.105660	</row1>
																<row2>	-0.185160 -0.101734 0.977428	</row2>
																<row3>	0.826288 0.000000 0.000000	</row3>
															</transform>
															<node>
																<identifier>	CATRigFLLegDigit01	</identifier>
																<transform>
																	<row0>	-0.009859 0.774073 -0.633021	</row0>
																	<row1>	-0.467453 -0.563189 -0.681400	</row1>
																	<row2>	-0.883963 0.289189 0.367393	</row2>
																	<row3>	-0.428592 0.237732 -0.091606	</row3>
																</transform>
																<node>
																	<identifier>	CATRigFLLegDigit02	</identifier>
																	<transform>
																		<row0>	0.985428 -0.113371 0.126803	</row0>
																		<row1>	0.124213 0.988934 -0.081123	</row1>
																		<row2>	-0.116203 0.095691 0.988605	</row2>
																		<row3>	0.362830 -0.000000 -0.000000	</row3>
																	</transform>
																	<node>
																		<identifier>	CATRigFLLegDigit03	</identifier>
																		<transform>
																			<row0>	0.781128 -0.015984 -0.624166	</row0>
																			<row1>	-0.002994 0.999565 -0.029344	</row1>
																			<row2>	0.624364 0.024790 0.780740	</row2>
																			<row3>	0.549161 0.000000 0.000000	</row3>
																		</transform>
																		<node>
																			<identifier>	CATRigFLLegDigit03BlendBoneDragon_Mesh	</identifier>
																			<transform>
																				<row0>	0.416746 -0.508716 0.753347	</row0>
																				<row1>	-0.896849 -0.365275 0.249469	</row1>
																				<row2>	0.148270 -0.779604 -0.608469	</row2>
																				<row3>	1.079892 0.469541 0.467433	</row3>
																			</transform>
																		</node>
																	</node>
																	<node>
																		<identifier>	CATRigFLLegDigit02BlendBoneDragon_Mesh	</identifier>
																		<transform>
																			<row0>	0.797417 -0.496480 0.342977	</row0>
																			<row1>	-0.543701 -0.344597 0.765273	</row1>
																			<row2>	-0.261755 -0.796719 -0.544724	</row2>
																			<row3>	1.683137 0.463664 -0.322867	</row3>
																		</transform>
																	</node>
																</node>
																<node>
																	<identifier>	CATRigFLLegDigit01BlendBoneDragon_Mesh	</identifier>
																	<transform>
																		<row0>	0.684273 -0.548570 0.480460	</row0>
																		<row1>	-0.667508 -0.205914 0.715564	</row1>
																		<row2>	-0.293604 -0.810352 -0.507076	</row2>
																		<row3>	2.116551 0.236819 -0.143375	</row3>
																	</transform>
																</node>
															</node>
															<node>
																<identifier>	CATRigFLLegDigit11	</identifier>
																<transform>
																	<row0>	0.609905 0.773664 -0.171637	</row0>
																	<row1>	-0.782501 0.622188 0.023961	</row1>
																	<row2>	0.125329 0.119691 0.984869	</row2>
																	<row3>	0.439610 0.566390 0.043199	</row3>
																</transform>
																<node>
																	<identifier>	CATRigFLLegDigit12	</identifier>
																	<transform>
																		<row0>	0.619114 -0.046618 -0.783916	</row0>
																		<row1>	0.317961 0.927633 0.195953	</row1>
																		<row2>	0.718052 -0.370572 0.589134	</row2>
																		<row3>	0.589309 0.000000 0.000000	</row3>
																	</transform>
																	<node>
																		<identifier>	CATRigFLLegDigit13	</identifier>
																		<transform>
																			<row0>	0.548399 0.053118 -0.834528	</row0>
																			<row1>	-0.128017 0.991549 -0.021012	</row1>
																			<row2>	0.826360 0.118357 0.550564	</row2>
																			<row3>	0.536933 0.000000 -0.000000	</row3>
																		</transform>
																		<node>
																			<identifier>	CATRigFLLegDigit13BlendBoneDragon_Mesh	</identifier>
																			<transform>
																				<row0>	-0.095544 0.896760 0.432080	</row0>
																				<row1>	-0.405647 0.361313 -0.839585	</row1>
																				<row2>	-0.909022 -0.255490 0.329247	</row2>
																				<row3>	1.549830 0.737608 -0.174649	</row3>
																			</transform>
																		</node>
																	</node>
																	<node>
																		<identifier>	CATRigFLLegDigit12BlendBoneDragon_Mesh	</identifier>
																		<transform>
																			<row0>	0.189857 0.935246 0.298779	</row0>
																			<row1>	-0.962510 0.237342 -0.131314	</row1>
																			<row2>	-0.193724 -0.262647 0.945245	</row2>
																			<row3>	1.148110 0.793028 -1.405031	</row3>
																		</transform>
																	</node>
																</node>
																<node>
																	<identifier>	CATRigFLLegDigit11BlendBoneDragon_Mesh	</identifier>
																	<transform>
																		<row0>	0.629454 0.747995 0.210453	</row0>
																		<row1>	-0.614729 0.313697 0.723673	</row1>
																		<row2>	0.475286 -0.584891 0.657272	</row2>
																		<row3>	0.543387 1.202781 -1.572377	</row3>
																	</transform>
																</node>
															</node>
															<node>
																<identifier>	CATRigFLLegDigit21	</identifier>
																<transform>
																	<row0>	0.839165 0.335997 -0.427678	</row0>
																	<row1>	-0.294489 0.941809 0.162084	</row1>
																	<row2>	0.457252 -0.010071 0.889281	</row2>
																	<row3>	0.568985 0.258836 0.116334	</row3>
																</transform>
																<node>
																	<identifier>	CATRigFLLegDigit22	</identifier>
																	<transform>
																		<row0>	0.570785 0.070071 -0.818104	</row0>
																		<row1>	0.062944 0.989686 0.128682	</row1>
																		<row2>	0.818684 -0.124945 0.560487	</row2>
																		<row3>	0.727358 0.000000 0.000000	</row3>
																	</transform>
																	<node>
																		<identifier>	CATRigFLLegDigit23	</identifier>
																		<transform>
																			<row0>	0.699768 0.024666 -0.713945	</row0>
																			<row1>	0.006236 0.999155 0.040631	</row1>
																			<row2>	0.714343 -0.032884 0.699022	</row2>
																			<row3>	0.481493 0.000000 0.000000	</row3>
																		</transform>
																		<node>
																			<identifier>	CATRigFLLegDigit23BlendBoneDragon_Mesh	</identifier>
																			<transform>
																				<row0>	0.123216 0.990767 0.056548	</row0>
																				<row1>	-0.303189 0.091842 -0.948494	</row1>
																				<row2>	-0.944931 0.099725 0.311707	</row2>
																				<row3>	1.797314 0.873285 -0.494207	</row3>
																			</transform>
																		</node>
																	</node>
																	<node>
																		<identifier>	CATRigFLLegDigit22BlendBoneDragon_Mesh	</identifier>
																		<transform>
																			<row0>	0.132796 0.991110 -0.008185	</row0>
																			<row1>	-0.889140 0.115476 -0.442826	</row1>
																			<row2>	-0.437945 0.066084 0.896570	</row2>
																			<row3>	1.391609 0.933131 -1.593162	</row3>
																		</transform>
																	</node>
																</node>
																<node>
																	<identifier>	CATRigFLLegDigit21BlendBoneDragon_Mesh	</identifier>
																	<transform>
																		<row0>	0.131481 0.991215 0.014309	</row0>
																		<row1>	-0.862774 0.107311 0.494071	</row1>
																		<row2>	0.488195 -0.077307 0.869304	</row2>
																		<row3>	0.276106 1.220075 -1.911350	</row3>
																	</transform>
																</node>
															</node>
															<node>
																<identifier>	CATRigFLLegDigit31	</identifier>
																<transform>
																	<row0>	0.854196 0.050213 -0.517519	</row0>
																	<row1>	0.073018 0.973878 0.215011	</row1>
																	<row2>	0.514798 -0.221451 0.828218	</row2>
																	<row3>	0.495294 -0.129367 -0.008855	</row3>
																</transform>
																<node>
																	<identifier>	CATRigFLLegDigit32	</identifier>
																	<transform>
																		<row0>	0.486166 0.112977 -0.866532	</row0>
																		<row1>	0.157236 0.964114 0.213917	</row1>
																		<row2>	0.859604 -0.240249 0.450956	</row2>
																		<row3>	0.554287 -0.000000 0.000000	</row3>
																	</transform>
																	<node>
																		<identifier>	CATRigFLLegDigit33	</identifier>
																		<transform>
																			<row0>	0.754557 -0.198163 -0.625600	</row0>
																			<row1>	0.021469 0.960262 -0.278275	</row1>
																			<row2>	0.655884 0.196543 0.728826	</row2>
																			<row3>	0.377264 0.000000 0.000000	</row3>
																		</transform>
																		<node>
																			<identifier>	CATRigFLLegDigit33BlendBoneDragon_Mesh	</identifier>
																			<transform>
																				<row0>	0.280479 0.959376 -0.030469	</row0>
																				<row1>	-0.266756 0.047417 -0.962597	</row1>
																				<row2>	-0.922048 0.278116 0.269219	</row2>
																				<row3>	1.906221 1.114877 -0.278297	</row3>
																			</transform>
																		</node>
																	</node>
																	<node>
																		<identifier>	CATRigFLLegDigit32BlendBoneDragon_Mesh	</identifier>
																		<transform>
																			<row0>	0.212250 0.859683 -0.464645	</row0>
																			<row1>	-0.831616 -0.090798 -0.547878	</row1>
																			<row2>	-0.513191 0.502693 0.695654	</row2>
																			<row3>	1.657021 0.638133 -1.705606	</row3>
																		</transform>
																	</node>
																</node>
																<node>
																	<identifier>	CATRigFLLegDigit31BlendBoneDragon_Mesh	</identifier>
																	<transform>
																		<row0>	-0.161049 0.964443 -0.209555	</row0>
																		<row1>	-0.889539 -0.049866 0.454130	</row1>
																		<row2>	0.427533 0.259545 0.865940	</row2>
																		<row3>	-0.005933 1.212209 -2.068507	</row3>
																	</transform>
																</node>
															</node>
															<node>
																<identifier>	CATRigFLLegPalmBlendBoneDragon_Mesh	</identifier>
																<transform>
																	<row0>	0.016730 0.999358 -0.031686	</row0>
																	<row1>	-0.669237 0.034736 0.742237	</row1>
																	<row2>	0.742861 0.008787 0.669388	</row2>
																	<row3>	0.088926 1.425590 -1.787954	</row3>
																</transform>
															</node>
														</node>
														<node>
															<identifier>	CATRigFLLeg3BlendBoneDragon_Mesh	</identifier>
															<transform>
																<row0>	0.033604 0.996418 0.077602	</row0>
																<row1>	-0.792606 -0.020730 0.609382	</row1>
																<row2>	0.608808 -0.081986 0.789070	</row2>
																<row3>	1.255093 1.596900 -1.582097	</row3>
															</transform>
														</node>
													</node>
													<node>
														<identifier>	CATRigFLLeg2BlendBoneDragon_Mesh	</identifier>
														<transform>
															<row0>	-0.016660 0.988774 0.148489	</row0>
															<row1>	-0.417595 -0.141819 0.897498	</row1>
															<row2>	0.908481 -0.047056 0.415269	</row2>
															<row3>	1.718584 1.805072 -1.818983	</row3>
														</transform>
													</node>
												</node>
												<node>
													<identifier>	CATRigFLLeg1BlendBoneDragon_Mesh	</identifier>
													<transform>
														<row0>	-0.071705 0.997012 -0.028746	</row0>
														<row1>	-0.890456 -0.076974 -0.448512	</row1>
														<row2>	-0.449384 -0.006564 0.893315	</row2>
														<row3>	4.256846 1.677509 1.770265	</row3>
													</transform>
												</node>
											</node>
											<node>
												<identifier>	CATRigFLLegCollarboneBlendBoneDragon_Mesh	</identifier>
												<transform>
													<row0>	-0.932093 -0.241873 0.269629	</row0>
													<row1>	-0.141049 0.927994 0.344867	</row1>
													<row2>	-0.333629 0.283417 -0.899092	</row2>
													<row3>	0.110520 -4.789714 -0.962647	</row3>
												</transform>
											</node>
										</node>
										<node>
											<identifier>	CATRigFRLegCollarbone	</identifier>
											<transform>
												<row0>	-0.315178 -0.932093 0.178509	</row0>
												<row1>	-0.174731 0.241873 0.954445	</row1>
												<row2>	-0.932808 0.269630 -0.239099	</row2>
												<row3>	0.305470 -0.725339 0.249073	</row3>
											</transform>
											<node>
												<identifier>	CATRigFRLeg1	</identifier>
												<transform>
													<row0>	0.325250 0.943514 -0.063203	</row0>
													<row1>	0.915060 -0.330888 -0.230604	</row1>
													<row2>	-0.238491 0.017169 -0.970993	</row2>
