<root>
	<speedtree>
		<spt>	speedtree/shrubs_flowers/cinnamon_fern/CinnamonFern_RT.spt	</spt>
		<seed>	1	</seed>
		<transform>
			<row0>	-0.074753 0.000000 0.323989	</row0>
			<row1>	0.000000 0.332501 0.000000	</row1>
			<row2>	-0.323989 0.000000 -0.074753	</row2>
			<row3>	73.129730 201.109375 94.118309	</row3>
		</transform>
		<reflectionVisible>	false	</reflectionVisible>
	</speedtree>
	<speedtree>
		<seed>	1	</seed>
		<transform>
			<row0>	0.210388 0.000000 -0.038416	</row0>
			<row1>	0.000000 0.213867 0.000000	</row1>
			<row2>	0.038416 0.000000 0.210388	</row2>
			<row3>	60.850769 191.703125 69.656570	</row3>
		</transform>
		<reflectionVisible>	false	</reflectionVisible>
		<spt>	speedtree/shrubs_flowers/american_boxwood/AmericanBoxwood_RT.spt	</spt>
	</speedtree>
	<speedtree>
		<spt>	speedtree/shrubs_flowers/cinnamon_fern/CinnamonFern_RT.spt	</spt>
		<seed>	1	</seed>
		<transform>
			<row0>	0.030719 0.000000 0.293969	</row0>
			<row1>	0.000000 0.295570 0.000000	</row1>
			<row2>	-0.293969 0.000000 0.030719	</row2>
			<row3>	64.775818 190.500000 75.204971	</row3>
		</transform>
		<reflectionVisible>	false	</reflectionVisible>
	</speedtree>
	<speedtree>
		<spt>	speedtree/shrubs_flowers/boston_fern/BostonFern_RT.spt	</spt>
		<seed>	1	</seed>
		<transform>
			<row0>	0.288145 0.000000 0.171809	</row0>
			<row1>	0.000000 0.335480 0.000000	</row1>
			<row2>	-0.171809 0.000000 0.288145	</row2>
			<row3>	62.673126 192.015625 70.493057	</row3>
		</transform>
		<reflectionVisible>	false	</reflectionVisible>
	</speedtree>
	<speedtree>
		<spt>	speedtree/shrubs_flowers/boston_fern/BostonFern_RT.spt	</spt>
		<seed>	1	</seed>
		<transform>
			<row0>	-0.331160 0.000000 0.053665	</row0>
			<row1>	0.000000 0.335480 0.000000	</row1>
			<row2>	-0.053665 0.000000 -0.331160	</row2>
			<row3>	65.986206 191.070313 75.317398	</row3>
		</transform>
		<reflectionVisible>	false	</reflectionVisible>
	</speedtree>
	<speedtree>
		<seed>	1	</seed>
		<transform>
			<row0>	0.160893 0.000000 0.140899	</row0>
			<row1>	0.000000 0.213867 0.000000	</row1>
			<row2>	-0.140899 0.000000 0.160893	</row2>
			<row3>	68.773743 192.132813 76.440353	</row3>
		</transform>
		<reflectionVisible>	false	</reflectionVisible>
		<spt>	speedtree/shrubs_flowers/american_boxwood/AmericanBoxwood_RT.spt	</spt>
	</speedtree>
	<speedtree>
		<spt>	speedtree/shrubs_flowers/boston_fern/BostonFern_RT.spt	</spt>
		<seed>	1	</seed>
		<transform>
			<row0>	0.155613 0.000000 0.297205	</row0>
			<row1>	0.000000 0.335480 0.000000	</row1>
			<row2>	-0.297205 0.000000 0.155613	</row2>
			<row3>	68.767517 193.804688 66.445053	</row3>
		</transform>
		<reflectionVisible>	false	</reflectionVisible>
	</speedtree>
	<speedtree>
		<spt>	speedtree/shrubs_flowers/cinnamon_fern/CinnamonFern_RT.spt	</spt>
		<seed>	1	</seed>
		<transform>
			<row0>	0.126656 0.000000 -0.267059	</row0>
			<row1>	0.000000 0.295570 0.000000	</row1>
			<row2>	0.267059 0.000000 0.126656	</row2>
			<row3>	69.901733 194.375000 67.829056	</row3>
		</transform>
		<reflectionVisible>	false	</reflectionVisible>
	</speedtree>
	<speedtree>
		<spt>	speedtree/shrubs_flowers/cinnamon_fern/CinnamonFern_RT.spt	</spt>
		<seed>	1	</seed>
		<transform>
			<row0>	0.216193 0.000000 0.201549	</row0>
			<row1>	0.000000 0.295570 0.000000	</row1>
			<row2>	-0.201549 0.000000 0.216193	</row2>
			<row3>	65.720032 191.382813 59.152817	</row3>
		</transform>
		<reflectionVisible>	false	</reflectionVisible>
	</speedtree>
	<speedtree>
		<seed>	1	</seed>
		<transform>
			<row0>	0.172894 0.000000 -0.003543	</row0>
			<row1>	0.000000 0.172930 0.000000	</row1>
			<row2>	0.003543 0.000000 0.172894	</row2>
			<row3>	71.056885 193.484375 77.809982	</row3>
		</transform>
		<reflectionVisible>	false	</reflectionVisible>
		<spt>	speedtree/shrubs_flowers/american_boxwood/AmericanBoxwood_RT.spt	</spt>
	</speedtree>
	<speedtree>
		<spt>	speedtree/shrubs_flowers/boston_fern/BostonFern_RT.spt	</spt>
		<seed>	1	</seed>
		<transform>
			<row0>	-0.285740 0.000000 0.175784	</row0>
			<row1>	0.000000 0.335480 0.000000	</row1>
			<row2>	-0.175784 0.000000 -0.285740	</row2>
			<row3>	65.979004 190.062500 56.049820	</row3>
		</transform>
		<reflectionVisible>	false	</reflectionVisible>
	</speedtree>
	<speedtree>
		<seed>	1	</seed>
		<transform>
			<row0>	0.160893 0.000000 0.140899	</row0>
			<row1>	0.000000 0.213867 0.000000	</row1>
			<row2>	-0.140899 0.000000 0.160893	</row2>
			<row3>	72.582153 193.875000 76.961624	</row3>
		</transform>
		<reflectionVisible>	false	</reflectionVisible>
		<spt>	speedtree/shrubs_flowers/american_boxwood/AmericanBoxwood_RT.spt	</spt>
	</speedtree>
	<speedtree>
		<spt>	speedtree/shrubs_flowers/cinnamon_fern/CinnamonFern_RT.spt	</spt>
		<seed>	1	</seed>
		<transform>
			<row0>	0.199344 0.000000 -0.218228	</row0>
			<row1>	0.000000 0.295570 0.000000	</row1>
			<row2>	0.218228 0.000000 0.199344	</row2>
			<row3>	67.184814 190.656250 56.256912	</row3>
		</transform>
		<reflectionVisible>	false	</reflectionVisible>
	</speedtree>
	<speedtree>
		<spt>	speedtree/shrubs_flowers/cinnamon_fern/CinnamonFern_RT.spt	</spt>
		<seed>	1	</seed>
		<transform>
			<row0>	-0.184740 0.000000 0.230722	</row0>
			<row1>	0.000000 0.295570 0.000000	</row1>
			<row2>	-0.230722 0.000000 -0.184740	</row2>
			<row3>	71.879333 192.914063 57.491776	</row3>
		</transform>
		<reflectionVisible>	false	</reflectionVisible>
	</speedtree>
	<speedtree>
		<spt>	speedtree/shrubs_flowers/boston_fern/BostonFern_RT.spt	</spt>
		<seed>	1	</seed>
		<transform>
			<row0>	-0.077781 0.000000 0.326337	</row0>
			<row1>	0.000000 0.335480 0.000000	</row1>
			<row2>	-0.326337 0.000000 -0.077781	</row2>
			<row3>	77.012695 195.945313 76.125717	</row3>
		</transform>
		<reflectionVisible>	false	</reflectionVisible>
	</speedtree>
	<speedtree>
		<spt>	speedtree/shrubs_flowers/boston_fern/BostonFern_RT.spt	</spt>
		<seed>	1	</seed>
		<transform>
			<row0>	0.122439 0.000000 -0.312339	</row0>
			<row1>	0.000000 0.335480 0.000000	</row1>
			<row2>	0.312339 0.000000 0.122439	</row2>
			<row3>	79.040955 197.507813 74.665390	</row3>
		</transform>
		<reflectionVisible>	false	</reflectionVisible>
	</speedtree>
	<speedtree>
		<spt>	speedtree/shrubs_flowers/cinnamon_fern/CinnamonFern_RT.spt	</spt>
		<seed>	1	</seed>
		<transform>
			<row0>	0.199344 0.000000 -0.218228	</row0>
			<row1>	0.000000 0.295570 0.000000	</row1>
			<row2>	0.218228 0.000000 0.199344	</row2>
			<row3>	76.923401 197.054688 60.274979	</row3>
		</transform>
		<reflectionVisible>	false	</reflectionVisible>
	</speedtree>
	<speedtree>
		<seed>	1	</seed>
		<transform>
			<row0>	0.210388 0.000000 -0.038416	</row0>
			<row1>	0.000000 0.213867 0.000000	</row1>
			<row2>	0.038416 0.000000 0.210388	</row2>
			<row3>	79.881958 198.007813 62.235977	</row3>
		</transform>
		<reflectionVisible>	false	</reflectionVisible>
		<spt>	speedtree/shrubs_flowers/american_boxwood/AmericanBoxwood_RT.spt	</spt>
	</speedtree>
	<speedtree>
		<spt>	speedtree/shrubs_flowers/cinnamon_fern/CinnamonFern_RT.spt	</spt>
		<seed>	1	</seed>
		<transform>
			<row0>	0.233045 0.000000 -0.181801	</row0>
			<row1>	0.000000 0.295570 0.000000	</row1>
			<row2>	0.181801 0.000000 0.233045	</row2>
			<row3>	82.724609 198.843750 62.725998	</row3>
		</transform>
		<reflectionVisible>	false	</reflectionVisible>
	</speedtree>
	<speedtree>
		<spt>	speedtree/shrubs_flowers/cinnamon_fern/CinnamonFern_RT.spt	</spt>
		<seed>	1	</seed>
		<transform>
			<row0>	0.146688 0.000000 -0.148976	</row0>
			<row1>	0.000000 0.209072 0.000000	</row1>
			<row2>	0.148976 0.000000 0.146688	</row2>
			<row3>	83.108337 198.820313 60.566086	</row3>
		</transform>
		<reflectionVisible>	false	</reflectionVisible>
	</speedtree>
	<speedtree>
		<seed>	1	</seed>
		<transform>
			<row0>	0.063801 0.000000 -0.178662	</row0>
			<row1>	0.000000 0.189713 0.000000	</row1>
			<row2>	0.178662 0.000000 0.063801	</row2>
			<row3>	69.233032 190.937500 17.745209	</row3>
		</transform>
		<reflectionVisible>	false	</reflectionVisible>
		<spt>	speedtree/shrubs_flowers/american_boxwood/AmericanBoxwood_RT.spt	</spt>
	</speedtree>
	<speedtree>
		<spt>	speedtree/shrubs_flowers/cinnamon_fern/CinnamonFern_RT.spt	</spt>
		<seed>	1	</seed>
		<transform>
			<row0>	0.239456 0.000000 0.106785	</row0>
			<row1>	0.000000 0.262188 0.000000	</row1>
			<row2>	-0.106785 0.000000 0.239456	</row2>
			<row3>	76.000610 194.273438 17.120209	</row3>
		</transform>
		<reflectionVisible>	false	</reflectionVisible>
	</speedtree>
	<speedtree>
		<spt>	speedtree/shrubs_flowers/boston_fern/BostonFern_RT.spt	</spt>
		<seed>	1	</seed>
		<transform>
			<row0>	0.297336 0.000000 0.012275	</row0>
			<row1>	0.000000 0.297590 0.000000	</row1>
			<row2>	-0.012275 0.000000 0.297336	</row2>
			<row3>	70.410156 189.726563 9.283340	</row3>
		</transform>
		<reflectionVisible>	false	</reflectionVisible>
	</speedtree>
	<speedtree>
		<spt>	speedtree/shrubs_flowers/cinnamon_fern/CinnamonFern_RT.spt	</spt>
		<seed>	1	</seed>
		<transform>
			<row0>	0.250721 0.000000 -0.076690	</row0>
			<row1>	0.000000 0.262188 0.000000	</row1>
			<row2>	0.076690 0.000000 0.250721	</row2>
			<row3>	62.571136 187.085938 8.276443	</row3>
		</transform>
		<reflectionVisible>	false	</reflectionVisible>
	</speedtree>
	<speedtree>
		<seed>	1	</seed>
		<transform>
			<row0>	0.073962 0.000000 -0.134391	</row0>
			<row1>	0.000000 0.153399 0.000000	</row1>
			<row2>	0.134391 0.000000 0.073962	</row2>
			<row3>	81.397156 195.515625 12.983170	</row3>
		</transform>
		<reflectionVisible>	false	</reflectionVisible>
		<spt>	speedtree/shrubs_flowers/american_boxwood/AmericanBoxwood_RT.spt	</spt>
	</speedtree>
	<speedtree>
		<seed>	1	</seed>
		<transform>
			<row0>	0.179601 0.000000 -0.061108	</row0>
			<row1>	0.000000 0.189713 0.000000	</row1>
			<row2>	0.061108 0.000000 0.179601	</row2>
			<row3>	81.425079 194.804688 11.238068	</row3>
		</transform>
		<reflectionVisible>	false	</reflectionVisible>
		<spt>	speedtree/shrubs_flowers/american_boxwood/AmericanBoxwood_RT.spt	</spt>
	</speedtree>
	<speedtree>
		<spt>	speedtree/shrubs_flowers/cinnamon_fern/CinnamonFern_RT.spt	</spt>
		<seed>	1	</seed>
		<transform>
			<row0>	0.095307 0.000000 0.244252	</row0>
			<row1>	0.000000 0.262188 0.000000	</row1>
			<row2>	-0.244252 0.000000 0.095307	</row2>
			<row3>	64.212311 186.843750 2.111786	</row3>
		</transform>
		<reflectionVisible>	false	</reflectionVisible>
	</speedtree>
	<speedtree>
		<spt>	speedtree/shrubs_flowers/cinnamon_fern/CinnamonFern_RT.spt	</spt>
		<seed>	1	</seed>
		<transform>
			<row0>	0.174547 0.000000 -0.062674	</row0>
			<row1>	0.000000 0.185459 0.000000	</row1>
			<row2>	0.062674 0.000000 0.174547	</row2>
			<row3>	76.233734 191.257813 7.108078	</row3>
		</transform>
		<reflectionVisible>	false	</reflectionVisible>
	</speedtree>
	<model>
		<resource>	sets/temperate/props/fd_s_rock_smooth_large.model	</resource>
		<transform>
			<row0>	1.338398 0.000000 0.000000	</row0>
			<row1>	0.000000 1.338398 0.000000	</row1>
			<row2>	0.000000 0.000000 1.338398	</row2>
			<row3>	16.997650 136.598755 18.242050	</row3>
		</transform>
		<reflectionVisible>	false	</reflectionVisible>
	</model>
	<model>
		<resource>	sets/temperate/props/fd_s_rock_smooth_medium.model	</resource>
		<transform>
			<row0>	0.560383 0.000000 2.091375	</row0>
			<row1>	0.000000 2.165151 0.000000	</row1>
			<row2>	-2.091375 0.000000 0.560383	</row2>
			<row3>	21.397675 140.208130 25.342056	</row3>
		</transform>
		<reflectionVisible>	false	</reflectionVisible>
	</model>
	<model>
		<resource>	sets/temperate/props/fd_s_rock_smooth_large.model	</resource>
		<transform>
			<row0>	0.840802 0.000000 1.456312	</row0>
			<row1>	0.000000 1.681604 0.000000	</row1>
			<row2>	-1.456312 0.000000 0.840802	</row2>
			<row3>	28.797668 146.215942 31.042053	</row3>
		</transform>
		<reflectionVisible>	false	</reflectionVisible>
	</model>
	<speedtree>
		<spt>	speedtree/shrubs_flowers/cinnamon_fern/CinnamonFern_RT.spt	</spt>
		<seed>	1	</seed>
		<transform>
			<row0>	0.227645 0.000000 0.059113	</row0>
			<row1>	0.000000 0.235195 0.000000	</row1>
			<row2>	-0.059113 0.000000 0.227645	</row2>
			<row3>	80.416962 201.140625 93.688889	</row3>
		</transform>
		<reflectionVisible>	false	</reflectionVisible>
	</speedtree>
	<speedtree>
		<spt>	speedtree/Conifers/italian_cypress/ItalianCypress_RT.spt	</spt>
		<seed>	1	</seed>
		<transform>
			<row0>	0.209167 0.000000 -0.080292	</row0>
			<row1>	0.000000 0.224049 0.000000	</row1>
			<row2>	0.080292 0.000000 0.209167	</row2>
			<row3>	70.095673 200.873032 96.376007	</row3>
		</transform>
		<reflectionVisible>	false	</reflectionVisible>
	</speedtree>
	<speedtree>
		<seed>	1	</seed>
		<transform>
			<row0>	0.118818 0.000000 -0.035914	</row0>
			<row1>	0.000000 0.124128 0.000000	</row1>
			<row2>	0.035914 0.000000 0.118818	</row2>
			<row3>	74.237518 201.034332 92.938622	</row3>
		</transform>
		<reflectionVisible>	false	</reflectionVisible>
		<spt>	speedtree/Conifers/douglas_fir_full/DouglasFir_RT_Full.spt	</spt>
	</speedtree>
	<speedtree>
		<seed>	1	</seed>
		<transform>
			<row0>	-0.118599 0.000000 -0.072813	</row0>
			<row1>	0.000000 0.139168 0.000000	</row1>
			<row2>	0.072813 0.000000 -0.118599	</row2>
			<row3>	78.858337 196.385452 75.916367	</row3>
		</transform>
		<reflectionVisible>	false	</reflectionVisible>
		<spt>	speedtree/Conifers/douglas_fir/DouglasFir_RT.spt	</spt>
	</speedtree>
	<speedtree>
		<seed>	1	</seed>
		<transform>
			<row0>	0.061682 0.000000 -0.106836	</row0>
			<row1>	0.000000 0.123363 0.000000	</row1>
			<row2>	0.106836 0.000000 0.061682	</row2>
			<row3>	76.630798 194.962357 57.741257	</row3>
		</transform>
		<reflectionVisible>	false	</reflectionVisible>
		<spt>	speedtree/Conifers/douglas_fir_full/DouglasFir_RT_Full.spt	</spt>
	</speedtree>
	<speedtree>
		<seed>	1	</seed>
		<transform>
			<row0>	-0.116778 0.000000 -0.071695	</row0>
			<row1>	0.000000 0.137030 0.000000	</row1>
			<row2>	0.071695 0.000000 -0.116778	</row2>
			<row3>	71.100067 194.071259 79.911690	</row3>
		</transform>
		<reflectionVisible>	false	</reflectionVisible>
		<spt>	speedtree/Conifers/douglas_fir_full/DouglasFir_RT_Full.spt	</spt>
	</speedtree>
	<speedtree>
		<seed>	1	</seed>
		<transform>
			<row0>	0.059479 0.000000 -0.103020	</row0>
			<row1>	0.000000 0.118957 0.000000	</row1>
			<row2>	0.103020 0.000000 0.059479	</row2>
			<row3>	60.406616 190.303818 71.321213	</row3>
		</transform>
		<reflectionVisible>	false	</reflectionVisible>
		<spt>	speedtree/Conifers/douglas_fir/DouglasFir_RT.spt	</spt>
	</speedtree>
	<speedtree>
		<seed>	1	</seed>
		<transform>
			<row0>	0.025163 0.000000 -0.107433	</row0>
			<row1>	0.000000 0.110341 0.000000	</row1>
			<row2>	0.107433 0.000000 0.025163	</row2>
			<row3>	65.252258 190.591721 57.603622	</row3>
		</transform>
		<reflectionVisible>	false	</reflectionVisible>
		<spt>	speedtree/Conifers/douglas_fir_full/DouglasFir_RT_Full.spt	</spt>
	</speedtree>
	<model>
		<resource>	sets/temperate/props/fd_s_rock_smooth_medium.model	</resource>
		<transform>
			<row0>	-0.173348 -0.007058 -0.425555	</row0>
			<row1>	-0.075355 0.452748 0.023186	</row1>
			<row2>	0.418890 0.078525 -0.171935	</row2>
			<row3>	73.880615 201.289871 95.778793	</row3>
		</transform>
		<reflectionVisible>	false	</reflectionVisible>
	</model>
	<model>
		<resource>	sets/temperate/props/fd_rock_sharp_medium.model	</resource>
		<transform>
			<row0>	-0.107373 0.078661 -0.334750	</row0>
			<row1>	-0.008960 0.349931 0.085103	</row1>
			<row2>	0.343751 0.033691 -0.102343	</row2>
			<row3>	72.451111 200.953308 96.716446	</row3>
		</transform>
		<reflectionVisible>	false	</reflectionVisible>
	</model>
	<speedtree>
		<spt>	speedtree/shrubs_flowers/cinnamon_fern/CinnamonFern_RT.spt	</spt>
		<seed>	1	</seed>
		<transform>
			<row0>	0.232353 0.000000 -0.237843	</row0>
			<row1>	0.000000 0.332501 0.000000	</row1>
			<row2>	0.237843 0.000000 0.232353	</row2>
			<row3>	75.571869 201.281250 93.179619	</row3>
		</transform>
		<reflectionVisible>	false	</reflectionVisible>
	</speedtree>
	<speedtree>
		<spt>	speedtree/shrubs_flowers/boston_fern/BostonFern_RT.spt	</spt>
		<seed>	1	</seed>
		<transform>
			<row0>	-0.127614 0.000000 0.355166	</row0>
			<row1>	0.000000 0.377398 0.000000	</row1>
			<row2>	-0.355166 0.000000 -0.127614	</row2>
			<row3>	73.310425 201.000000 92.002899	</row3>
		</transform>
		<reflectionVisible>	false	</reflectionVisible>
	</speedtree>
	<speedtree>
		<seed>	1	</seed>
		<transform>
			<row0>	0.133821 0.000000 0.000000	</row0>
			<row1>	0.000000 0.133821 0.000000	</row1>
			<row2>	0.000000 0.000000 0.133821	</row2>
			<row3>	66.185669 200.356430 96.194664	</row3>
		</transform>
		<reflectionVisible>	false	</reflectionVisible>
		<spt>	speedtree/Conifers/douglas_fir/DouglasFir_RT.spt	</spt>
	</speedtree>
	<model>
		<resource>	sets/temperate/props/fd_rock_sharp_medium.model	</resource>
		<transform>
			<row0>	-0.136625 -0.031026 -0.640011	</row0>
			<row1>	0.008378 0.654256 -0.033505	</row1>
			<row2>	0.640708 -0.015171 -0.136039	</row2>
			<row3>	68.303772 200.497543 95.056107	</row3>
		</transform>
		<reflectionVisible>	false	</reflectionVisible>
	</model>
	<speedtree>
		<seed>	1	</seed>
		<transform>
			<row0>	0.155764 0.000000 0.183359	</row0>
			<row1>	0.000000 0.240589 0.000000	</row1>
			<row2>	-0.183359 0.000000 0.155764	</row2>
			<row3>	67.849304 199.820999 96.599602	</row3>
		</transform>
		<reflectionVisible>	false	</reflectionVisible>
		<spt>	speedtree/shrubs_flowers/american_boxwood/AmericanBoxwood_RT.spt	</spt>
	</speedtree>
	<speedtree>
		<seed>	1	</seed>
		<transform>
			<row0>	-0.074461 0.000000 -0.045714	</row0>
			<row1>	0.000000 0.087376 0.000000	</row1>
			<row2>	0.045714 0.000000 -0.074461	</row2>
			<row3>	83.128662 199.013245 70.977188	</row3>
		</transform>
		<reflectionVisible>	false	</reflectionVisible>
		<spt>	speedtree/Conifers/douglas_fir_full/DouglasFir_RT_Full.spt	</spt>
	</speedtree>
	<speedtree>
		<spt>	speedtree/shrubs_flowers/boston_fern/BostonFern_RT.spt	</spt>
		<seed>	1	</seed>
		<transform>
			<row0>	-0.005308 0.000000 0.377359	</row0>
			<row1>	0.000000 0.377398 0.000000	</row1>
			<row2>	-0.377359 0.000000 -0.005308	</row2>
			<row3>	62.239532 199.570313 97.251930	</row3>
		</transform>
		<reflectionVisible>	false	</reflectionVisible>
	</speedtree>
	<model>
		<resource>	sets/temperate/props/fd_s_rock_smooth_medium.model	</resource>
		<transform>
			<row0>	-0.686916 0.098852 0.428816	</row0>
			<row1>	0.051684 0.807560 -0.103367	</row1>
			<row2>	-0.437018 -0.059870 -0.686251	</row2>
			<row3>	78.939636 201.202698 95.202095	</row3>
		</transform>
		<reflectionVisible>	false	</reflectionVisible>
	</model>
	<speedtree>
		<seed>	1	</seed>
		<transform>
			<row0>	0.207774 -0.000001 -0.036165	</row0>
			<row1>	0.000000 0.210896 0.000000	</row1>
			<row2>	0.036165 0.000000 0.207774	</row2>
			<row3>	6.639618 156.479996 71.718353	</row3>
		</transform>
		<reflectionVisible>	false	</reflectionVisible>
		<spt>	speedtree/shrubs_flowers/american_boxwood/AmericanBoxwood_RT.spt	</spt>
	</speedtree>
	<speedtree>
		<seed>	1	</seed>
		<transform>
			<row0>	0.062644 0.000000 -0.108502	</row0>
			<row1>	0.000000 0.125288 0.000000	</row1>
			<row2>	0.108502 0.000000 0.062644	</row2>
			<row3>	80.598053 198.085892 65.434479	</row3>
		</transform>
		<reflectionVisible>	false	</reflectionVisible>
		<spt>	speedtree/Conifers/douglas_fir/DouglasFir_RT.spt	</spt>
	</speedtree>
	<speedtree>
		<seed>	1	</seed>
		<transform>
			<row0>	-0.055568 0.000000 -0.096248	</row0>
			<row1>	0.000000 0.111138 0.000000	</row1>
			<row2>	0.096248 0.000000 -0.055568	</row2>
			<row3>	76.696808 190.955109 5.945480	</row3>
		</transform>
		<reflectionVisible>	false	</reflectionVisible>
		<spt>	speedtree/Conifers/douglas_fir/DouglasFir_RT.spt	</spt>
	</speedtree>
	<speedtree>
		<seed>	1	</seed>
		<transform>
			<row0>	-0.036974 0.000000 -0.064041	</row0>
			<row1>	0.000000 0.073947 0.000000	</row1>
			<row2>	0.064041 0.000000 -0.036974	</row2>
			<row3>	66.040955 188.074799 6.006332	</row3>
		</transform>
		<reflectionVisible>	false	</reflectionVisible>
		<spt>	speedtree/Conifers/douglas_fir_full/DouglasFir_RT_Full.spt	</spt>
	</speedtree>
	<speedtree>
		<seed>	1	</seed>
		<transform>
			<row0>	-0.071371 0.000000 -0.066980	</row0>
			<row1>	0.000000 0.097879 0.000000	</row1>
			<row2>	0.066980 0.000000 -0.071371	</row2>
			<row3>	60.995636 186.076981 7.906937	</row3>
		</transform>
		<reflectionVisible>	false	</reflectionVisible>
		<spt>	speedtree/Conifers/douglas_fir_full/DouglasFir_RT_Full.spt	</spt>
	</speedtree>
	<speedtree>
		<seed>	1	</seed>
		<transform>
			<row0>	-0.052761 0.000000 -0.091385	</row0>
			<row1>	0.000000 0.105522 0.000000	</row1>
			<row2>	0.091385 0.000000 -0.052761	</row2>
			<row3>	70.452576 191.001190 18.962173	</row3>
		</transform>
		<reflectionVisible>	false	</reflectionVisible>
		<spt>	speedtree/Conifers/douglas_fir/DouglasFir_RT.spt	</spt>
	</speedtree>
	<speedtree>
		<seed>	1	</seed>
		<transform>
			<row0>	-0.108538 0.000000 0.058815	</row0>
			<row1>	0.000000 0.123450 0.000000	</row1>
			<row2>	-0.058815 0.000000 -0.108538	</row2>
			<row3>	83.657959 193.727036 5.280106	</row3>
		</transform>
		<reflectionVisible>	false	</reflectionVisible>
		<spt>	speedtree/Conifers/douglas_fir/DouglasFir_RT.spt	</spt>
	</speedtree>
	<speedtree>
		<spt>	speedtree/shrubs_flowers/boston_fern/BostonFern_RT.spt	</spt>
		<seed>	1	</seed>
		<transform>
			<row0>	0.320808 0.000000 0.198772	</row0>
			<row1>	0.000000 0.377398 0.000000	</row1>
			<row2>	-0.198772 0.000000 0.320808	</row2>
			<row3>	81.933472 201.289063 95.290939	</row3>
		</transform>
		<reflectionVisible>	false	</reflectionVisible>
	</speedtree>
	<speedtree>
		<spt>	speedtree/Broadleaves/crab_apple/bwcrabapple_rt_flowers.spt	</spt>
		<seed>	1	</seed>
		<transform>
			<row0>	0.424439 0.000000 0.000000	</row0>
			<row1>	0.000000 0.424439 0.000000	</row1>
			<row2>	0.000000 0.000000 0.424439	</row2>
			<row3>	98.907379 203.445313 64.007660	</row3>
		</transform>
		<reflectionVisible>	false	</reflectionVisible>
	</speedtree>
	<speedtree>
		<seed>	1	</seed>
		<transform>
			<row0>	-0.106872 0.000000 0.057912	</row0>
			<row1>	0.000000 0.121554 0.000000	</row1>
			<row2>	-0.057912 0.000000 -0.106872	</row2>
			<row3>	82.666016 195.774841 13.977264	</row3>
		</transform>
		<reflectionVisible>	false	</reflectionVisible>
		<spt>	speedtree/Conifers/douglas_fir_full/DouglasFir_RT_Full.spt	</spt>
	</speedtree>
	<speedtree>
		<spt>	speedtree/shrubs_flowers/boston_fern/BostonFern_RT.spt	</spt>
		<seed>	1	</seed>
		<transform>
			<row0>	0.217211 0.049665 0.197261	</row0>
			<row1>	0.011876 0.284995 -0.084832	</row1>
			<row2>	-0.203070 0.069792 0.206036	</row2>
			<row3>	88.638000 197.001434 8.883728	</row3>
		</transform>
		<reflectionVisible>	false	</reflectionVisible>
	</speedtree>
	<speedtree>
		<spt>	speedtree/shrubs_flowers/cinnamon_fern/CinnamonFern_RT.spt	</spt>
		<seed>	1	</seed>
		<transform>
			<row0>	0.166193 0.049897 -0.065459	</row0>
			<row1>	-0.060224 0.174256 -0.020074	</row1>
			<row2>	0.056103 0.039245 0.172357	</row2>
			<row3>	97.819672 201.469452 30.147415	</row3>
		</transform>
		<reflectionVisible>	false	</reflectionVisible>
	</speedtree>
	<speedtree>
		<spt>	speedtree/shrubs_flowers/cinnamon_fern/CinnamonFern_RT.spt	</spt>
		<seed>	1	</seed>
		<transform>
			<row0>	0.227232 0.021776 0.056638	</row0>
			<row1>	-0.008795 0.229030 -0.052770	</row1>
			<row2>	-0.060039 0.048865 0.222090	</row2>
			<row3>	93.468018 201.138519 87.366959	</row3>
		</transform>
		<reflectionVisible>	false	</reflectionVisible>
	</speedtree>
	<speedtree>
		<spt>	speedtree/Broadleaves/crab_apple/bwcrabapple_rt_flowers.spt	</spt>
		<seed>	1	</seed>
		<transform>
			<row0>	0.240774 0.000000 0.417033	</row0>
			<row1>	0.000000 0.481548 0.000000	</row1>
			<row2>	-0.417033 0.000000 0.240774	</row2>
			<row3>	92.626190 199.828125 80.391876	</row3>
		</transform>
		<reflectionVisible>	false	</reflectionVisible>
	</speedtree>
	<speedtree>
		<spt>	speedtree/Broadleaves/crab_apple/bwcrabapple_rt_flowers.spt	</spt>
		<seed>	1	</seed>
		<transform>
			<row0>	0.337553 0.000000 -0.337553	</row0>
			<row1>	0.000000 0.477372 0.000000	</row1>
			<row2>	0.337553 0.000000 0.337553	</row2>
			<row3>	95.004883 200.377960 33.122650	</row3>
		</transform>
		<reflectionVisible>	false	</reflectionVisible>
	</speedtree>
	<speedtree>
		<seed>	1	</seed>
		<transform>
			<row0>	0.072275 0.063676 -0.154731	</row0>
			<row1>	-0.083792 0.159666 0.026567	</row1>
			<row2>	0.144828 0.060600 0.092588	</row2>
			<row3>	86.029053 198.926544 51.090790	</row3>
		</transform>
		<reflectionVisible>	false	</reflectionVisible>
		<spt>	speedtree/shrubs_flowers/american_boxwood/AmericanBoxwood_RT.spt	</spt>
	</speedtree>
	<particles>
		<resource>	particles/crab_apple_flowers.xml	</resource>
		<transform>
			<row0>	1.000000 0.000000 0.000000	</row0>
			<row1>	0.000000 1.000000 0.000000	</row1>
			<row2>	0.000000 0.000000 1.000000	</row2>
			<row3>	95.051178 202.040329 35.244705	</row3>
		</transform>
		<reflectionVisible>	false	</reflectionVisible>
	</particles>
	<particles>
		<resource>	particles/crab_apple_flowers.xml	</resource>
		<transform>
			<row0>	1.000000 0.000000 0.000000	</row0>
			<row1>	0.000000 1.000000 0.000000	</row1>
			<row2>	0.000000 0.000000 1.000000	</row2>
			<row3>	99.045593 204.657516 65.731445	</row3>
		</transform>
		<reflectionVisible>	false	</reflectionVisible>
	</particles>
	<particles>
		<resource>	particles/crab_apple_flowers.xml	</resource>
		<transform>
			<row0>	1.000000 0.000000 0.000000	</row0>
			<row1>	0.000000 1.000000 0.000000	</row1>
			<row2>	0.000000 0.000000 1.000000	</row2>
			<row3>	92.548157 201.493454 81.964645	</row3>
		</transform>
		<reflectionVisible>	false	</reflectionVisible>
	</particles>
	<model>
		<resource>	sets/town/props/sign_post.model	</resource>
		<transform>
			<row0>	0.916006 0.002314 -0.401156	</row0>
			<row1>	0.002315 0.999936 0.011054	</row1>
			<row2>	0.401156 -0.011054 0.915942	</row2>
			<row3>	0.348450 157.282028 79.493790	</row3>
		</transform>
		<editorOnly>
			<castsShadow>	true	</castsShadow>
		</editorOnly>
		<reflectionVisible>	false	</reflectionVisible>
	</model>
	<model>
		<resource>	sets/town/props/sign_dungeon.model	</resource>
		<transform>
			<row0>	-0.023770 0.998539 -0.048516	</row0>
			<row1>	0.916006 0.002314 -0.401156	</row1>
			<row2>	-0.400458 -0.053976 -0.914723	</row2>
			<row3>	0.447876 160.889252 79.492264	</row3>
		</transform>
		<editorOnly>
			<castsShadow>	true	</castsShadow>
		</editorOnly>
		<reflectionVisible>	false	</reflectionVisible>
	</model>
	<model>
		<resource>	sets/town/props/sign_town.model	</resource>
		<transform>
			<row0>	0.003186 0.999937 0.010670	</row0>
			<row1>	0.401154 -0.011052 0.915943	</row1>
			<row2>	0.916004 0.001363 -0.401164	</row2>
			<row3>	0.404480 160.584991 79.618217	</row3>
		</transform>
		<editorOnly>
			<castsShadow>	true	</castsShadow>
		</editorOnly>
		<reflectionVisible>	false	</reflectionVisible>
	</model>
	<model>
		<resource>	sets/town/props/sign_tower.model	</resource>
		<transform>
			<row0>	0.010635 0.999577 -0.027039	</row0>
			<row1>	-0.930608 0.000000 -0.366014	</row1>
			<row2>	-0.365859 0.029055 0.930215	</row2>
			<row3>	90.974762 206.938644 100.102272	</row3>
		</transform>
		<editorOnly>
			<castsShadow>	true	</castsShadow>
		</editorOnly>
		<reflectionVisible>	false	</reflectionVisible>
	</model>
	<model>
		<resource>	sets/town/props/sign_dungeon.model	</resource>
		<transform>
			<row0>	0.000806 0.999997 -0.002121	</row0>
			<row1>	-0.930272 -0.000028 -0.366870	</row1>
			<row2>	-0.366869 0.002268 0.930269	</row2>
			<row3>	90.968170 206.608063 100.118675	</row3>
		</transform>
		<editorOnly>
			<castsShadow>	true	</castsShadow>
		</editorOnly>
		<reflectionVisible>	false	</reflectionVisible>
	</model>
	<model>
		<resource>	sets/temperate/props/mushrooms/mushroom05_cluster.model	</resource>
		<transform>
			<row0>	-0.258819 0.000000 -0.965925	</row0>
			<row1>	0.000000 1.000000 0.000000	</row1>
			<row2>	0.965925 0.000000 -0.258819	</row2>
			<row3>	98.422668 203.300934 65.356247	</row3>
		</transform>
		<editorOnly>
			<castsShadow>	true	</castsShadow>
		</editorOnly>
		<reflectionVisible>	false	</reflectionVisible>
	</model>
	<model>
		<resource>	sets/temperate/props/fd_fence_wood03.model	</resource>
		<transform>
			<row0>	-0.165053 0.054565 -0.984774	</row0>
			<row1>	0.009028 0.998510 0.053813	</row1>
			<row2>	0.986243 -0.000009 -0.165300	</row2>
			<row3>	100.118561 202.519501 78.397568	</row3>
		</transform>
		<editorOnly>
			<castsShadow>	false	</castsShadow>
			<hidden>	false	</hidden>
			<frozen>	false	</frozen>
		</editorOnly>
		<reflectionVisible>	false	</reflectionVisible>
		<metaData>
			<modified_by>	adamm	</modified_by>
			<modified_on>	1255578370	</modified_on>
		</metaData>
	</model>
	<model>
		<resource>	sets/temperate/props/fd_fence_wood01.model	</resource>
		<transform>
			<row0>	-0.213285 0.002874 -0.976985	</row0>
			<row1>	0.000614 0.999996 0.002808	</row1>
			<row2>	0.976989 -0.000001 -0.213287	</row2>
			<row3>	99.895935 202.330048 72.933037	</row3>
		</transform>
		<editorOnly>
			<castsShadow>	false	</castsShadow>
			<hidden>	false	</hidden>
			<frozen>	false	</frozen>
		</editorOnly>
		<reflectionVisible>	false	</reflectionVisible>
		<metaData>
			<modified_by>	adamm	</modified_by>
			<modified_on>	1255578370	</modified_on>
		</metaData>
	</model>
	<model>
		<resource>	flora/wheat/wheat_4_tris.model	</resource>
		<transform>
			<row0>	0.813365 -0.419311 -0.403252	</row0>
			<row1>	-0.281579 0.322806 -0.903607	</row1>
			<row2>	0.509064 0.848512 0.144489	</row2>
			<row3>	98.609192 203.020752 75.517754	</row3>
		</transform>
		<editorOnly>
			<castsShadow>	true	</castsShadow>
		</editorOnly>
		<reflectionVisible>	false	</reflectionVisible>
	</model>
	<model>
		<resource>	flora/wheat/wheat_4_tris.model	</resource>
		<transform>
			<row0>	0.811506 -0.408073 -0.418245	</row0>
			<row1>	-0.301083 0.321428 -0.897791	</row1>
			<row2>	0.500800 0.854491 0.137977	</row2>
			<row3>	98.719543 203.144226 75.266624	</row3>
		</transform>
		<editorOnly>
			<castsShadow>	true	</castsShadow>
		</editorOnly>
		<reflectionVisible>	false	</reflectionVisible>
	</model>
	<model>
		<resource>	flora/wheat/wheat_4_tris.model	</resource>
		<transform>
			<row0>	0.811506 -0.408073 -0.418245	</row0>
			<row1>	-0.301083 0.321428 -0.897791	</row1>
			<row2>	0.500800 0.854491 0.137977	</row2>
			<row3>	98.925110 202.989700 75.415520	</row3>
		</transform>
		<editorOnly>
			<castsShadow>	true	</castsShadow>
		</editorOnly>
		<reflectionVisible>	false	</reflectionVisible>
	</model>
	<model>
		<resource>	flora/wheat/wheat_4_tris.model	</resource>
		<transform>
			<row0>	0.811506 -0.408073 -0.418245	</row0>
			<row1>	-0.301083 0.321428 -0.897791	</row1>
			<row2>	0.500800 0.854491 0.137977	</row2>
			<row3>	98.524231 203.089401 75.705437	</row3>
		</transform>
		<editorOnly>
			<castsShadow>	true	</castsShadow>
		</editorOnly>
		<reflectionVisible>	false	</reflectionVisible>
	</model>
	<model>
		<resource>	flora/wheat/wheat_4_tris.model	</resource>
		<transform>
			<row0>	0.811506 -0.408073 -0.418245	</row0>
			<row1>	-0.301083 0.321428 -0.897791	</row1>
			<row2>	0.500800 0.854491 0.137977	</row2>
			<row3>	98.497925 203.089539 75.615440	</row3>
		</transform>
		<editorOnly>
			<castsShadow>	true	</castsShadow>
		</editorOnly>
		<reflectionVisible>	false	</reflectionVisible>
	</model>
	<model>
		<resource>	flora/wheat/wheat_4_tris.model	</resource>
		<transform>
			<row0>	0.813365 -0.419311 -0.403252	</row0>
			<row1>	-0.281578 0.322806 -0.903607	</row1>
			<row2>	0.509064 0.848511 0.144490	</row2>
			<row3>	98.288574 203.197113 75.716301	</row3>
		</transform>
		<editorOnly>
			<castsShadow>	true	</castsShadow>
		</editorOnly>
		<reflectionVisible>	false	</reflectionVisible>
	</model>
	<model>
		<resource>	flora/wheat/wheat_4_tris.model	</resource>
		<transform>
			<row0>	0.813365 -0.419311 -0.403252	</row0>
			<row1>	-0.281578 0.322806 -0.903607	</row1>
			<row2>	0.509064 0.848511 0.144490	</row2>
			<row3>	98.262207 203.197250 75.626274	</row3>
		</transform>
		<editorOnly>
			<castsShadow>	true	</castsShadow>
		</editorOnly>
		<reflectionVisible>	false	</reflectionVisible>
	</model>
	<model>
		<resource>	flora/wheat/wheat_4_tris.model	</resource>
		<transform>
			<row0>	0.813365 -0.419311 -0.403252	</row0>
			<row1>	-0.281578 0.322806 -0.903607	</row1>
			<row2>	0.509064 0.848511 0.144490	</row2>
			<row3>	98.106201 203.082993 75.155418	</row3>
		</transform>
		<editorOnly>
			<castsShadow>	true	</castsShadow>
		</editorOnly>
		<reflectionVisible>	false	</reflectionVisible>
	</model>
	<model>
		<resource>	flora/wheat/wheat_4_tris.model	</resource>
		<transform>
			<row0>	-0.953783 -0.197132 0.226784	</row0>
			<row1>	-0.281577 0.322837 -0.903595	</row1>
			<row2>	0.104915 -0.925693 -0.363425	</row2>
			<row3>	98.878540 203.276505 75.066841	</row3>
		</transform>
		<editorOnly>
			<castsShadow>	true	</castsShadow>
		</editorOnly>
		<reflectionVisible>	false	</reflectionVisible>
	</model>
	<model>
		<resource>	flora/wheat/wheat_4_tris.model	</resource>
		<transform>
			<row0>	-0.882986 0.281429 0.375668	</row0>
			<row1>	-0.281551 0.322822 -0.903608	</row1>
			<row2>	-0.375575 -0.903646 -0.205812	</row2>
			<row3>	98.770416 203.036575 75.544044	</row3>
		</transform>
		<editorOnly>
			<castsShadow>	true	</castsShadow>
		</editorOnly>
		<reflectionVisible>	false	</reflectionVisible>
	</model>
	<model>
		<resource>	flora/wheat/wheat_4_tris.model	</resource>
		<transform>
			<row0>	-0.890224 0.281289 0.358287	</row0>
			<row1>	-0.262070 0.327063 -0.907933	</row1>
			<row2>	-0.372574 -0.902163 -0.217442	</row2>
			<row3>	98.082855 203.154617 75.772163	</row3>
		</transform>
		<editorOnly>
			<castsShadow>	true	</castsShadow>
		</editorOnly>
		<reflectionVisible>	false	</reflectionVisible>
	</model>
	<model>
		<resource>	flora/wheat/wheat_4_tris.model	</resource>
		<transform>
			<row0>	-0.749856 0.525587 0.401827	</row0>
			<row1>	-0.262165 0.321583 -0.909861	</row1>
			<row2>	-0.607433 -0.787612 -0.103349	</row2>
			<row3>	98.424713 203.248398 75.907448	</row3>
		</transform>
		<editorOnly>
			<castsShadow>	true	</castsShadow>
		</editorOnly>
		<reflectionVisible>	false	</reflectionVisible>
	</model>
	<model>
		<resource>	flora/wheat/wheat_4_tris.model	</resource>
		<transform>
			<row0>	-0.890224 0.281289 0.358287	</row0>
			<row1>	-0.262070 0.327063 -0.907933	</row1>
			<row2>	-0.372574 -0.902163 -0.217442	</row2>
			<row3>	98.572968 203.050537 75.711708	</row3>
		</transform>
		<editorOnly>
			<castsShadow>	true	</castsShadow>
		</editorOnly>
		<reflectionVisible>	false	</reflectionVisible>
	</model>
	<model>
		<resource>	flora/wheat/wheat_4_tris.model	</resource>
		<transform>
			<row0>	-0.749856 0.525587 0.401827	</row0>
			<row1>	-0.262165 0.321583 -0.909861	</row1>
			<row2>	-0.607433 -0.787612 -0.103349	</row2>
			<row3>	98.864227 203.017197 75.817299	</row3>
		</transform>
		<editorOnly>
			<castsShadow>	true	</castsShadow>
		</editorOnly>
		<reflectionVisible>	false	</reflectionVisible>
	</model>
	<model>
		<resource>	flora/wheat/wheat_4_tris.model	</resource>
		<transform>
			<row0>	-0.741090 0.525024 0.418481	</row0>
			<row1>	-0.281543 0.322829 -0.903607	</row1>
			<row2>	-0.609514 -0.787479 -0.091429	</row2>
			<row3>	99.033752 202.941330 75.636299	</row3>
		</transform>
		<editorOnly>
			<castsShadow>	true	</castsShadow>
		</editorOnly>
		<reflectionVisible>	false	</reflectionVisible>
	</model>
	<model>
		<resource>	sets/town/props/cart/model/cart.model	</resource>
		<transform>
			<row0>	0.965924 0.000000 -0.258818	</row0>
			<row1>	0.000000 0.999998 0.000000	</row1>
			<row2>	0.258818 0.000000 0.965924	</row2>
			<row3>	98.285187 202.400330 74.784798	</row3>
		</transform>
		<editorOnly>
			<castsShadow>	true	</castsShadow>
		</editorOnly>
		<reflectionVisible>	false	</reflectionVisible>
	</model>
	<model>
		<resource>	flora/wheat/wheat_4_tris.model	</resource>
		<transform>
			<row0>	-0.940694 0.092880 0.326281	</row0>
			<row1>	-0.281539 0.322838 -0.903604	</row1>
			<row2>	-0.189261 -0.941881 -0.277544	</row2>
			<row3>	98.682953 203.405685 75.052223	</row3>
		</transform>
		<editorOnly>
			<castsShadow>	true	</castsShadow>
		</editorOnly>
		<reflectionVisible>	false	</reflectionVisible>
	</model>
	<model>
		<resource>	flora/wheat/wheat_4_tris.model	</resource>
		<transform>
			<row0>	-0.946725 0.092528 0.308448	</row0>
			<row1>	-0.262954 0.330796 -0.906323	</row1>
			<row2>	-0.185894 -0.939150 -0.288842	</row2>
			<row3>	98.476624 203.373184 75.206032	</row3>
		</transform>
		<editorOnly>
			<castsShadow>	true	</castsShadow>
		</editorOnly>
		<reflectionVisible>	false	</reflectionVisible>
	</model>
	<model>
		<resource>	flora/wheat/wheat_4_tris.model	</resource>
		<transform>
			<row0>	-0.946725 0.092528 0.308448	</row0>
			<row1>	-0.262954 0.330796 -0.906323	</row1>
			<row2>	-0.185894 -0.939150 -0.288842	</row2>
			<row3>	97.972961 203.382889 75.236946	</row3>
		</transform>
		<editorOnly>
			<castsShadow>	true	</castsShadow>
		</editorOnly>
		<reflectionVisible>	false	</reflectionVisible>
	</model>
	<model>
		<resource>	flora/wheat/wheat_4_tris.model	</resource>
		<transform>
			<row0>	-0.957923 -0.197329 0.208417	</row0>
			<row1>	-0.265776 0.335742 -0.903678	</row1>
			<row2>	0.108348 -0.921049 -0.374060	</row2>
			<row3>	98.677002 203.174454 75.194221	</row3>
		</transform>
		<editorOnly>
			<castsShadow>	true	</castsShadow>
		</editorOnly>
		<reflectionVisible>	false	</reflectionVisible>
	</model>
	<model>
		<resource>	sets/temperate/props/mushrooms/mushroom05_cluster.model	</resource>
		<transform>
			<row0>	-0.965925 0.000000 -0.258819	</row0>
			<row1>	0.000000 1.000000 0.000000	</row1>
			<row2>	0.258819 0.000000 -0.965925	</row2>
			<row3>	92.538330 200.428680 81.127182	</row3>
		</transform>
		<editorOnly>
			<castsShadow>	true	</castsShadow>
		</editorOnly>
		<reflectionVisible>	false	</reflectionVisible>
	</model>
	<speedtree>
		<spt>	speedtree/shrubs_flowers/boston_fern/BostonFern_RT.spt	</spt>
		<seed>	1	</seed>
		<transform>
			<row0>	0.178467 0.000000 0.340815	</row0>
			<row1>	-0.134403 0.353536 0.070380	</row1>
			<row2>	-0.313194 -0.151716 0.164004	</row2>
			<row3>	91.816681 200.087860 80.065079	</row3>
		</transform>
		<reflectionVisible>	false	</reflectionVisible>
		<editorOnly>
			<castsShadow>	true	</castsShadow>
		</editorOnly>
	</speedtree>
	<model>
		<resource>	sets/town/props/t_shovel.model	</resource>
		<transform>
			<row0>	0.082900 -0.201240 -0.976027	</row0>
			<row1>	0.460164 0.876465 -0.141627	</row1>
			<row2>	0.883954 -0.437391 0.165264	</row2>
			<row3>	99.092010 202.295319 77.055466	</row3>
		</transform>
		<editorOnly>
			<castsShadow>	true	</castsShadow>
		</editorOnly>
		<reflectionVisible>	false	</reflectionVisible>
	</model>
	<speedtree>
		<spt>	speedtree/Conifers/douglas_fir_full/DouglasFir_RT_Full.spt	</spt>
		<seed>	1	</seed>
		<transform>
			<row0>	0.019925 0.000000 -0.085072	</row0>
			<row1>	0.000000 0.087376 0.000000	</row1>
			<row2>	0.085072 0.000000 0.019925	</row2>
			<row3>	49.993103 196.934021 98.148872	</row3>
		</transform>
		<reflectionVisible>	false	</reflectionVisible>
		<editorOnly>
			<castsShadow>	true	</castsShadow>
		</editorOnly>
	</speedtree>
	<overlapper>	00am0004i	</overlapper>
	<overlapper>	00am0006i	</overlapper>
	<overlapper>	00am000ci	</overlapper>
	<overlapper>	00am001ei	</overlapper>
	<overlapper>	00am001fi	</overlapper>
	<overlapper>	00am0020i	</overlapper>
	<model>
		<resource>	sets/temperate/props/fd_rock_sharp_medium.model	</resource>
		<transform>
			<row0>	-1.329981 -1.249698 0.708095	</row0>
			<row1>	-0.210846 1.124429 1.588455	</row1>
			<row2>	-1.420803 1.002946 -0.898556	</row2>
			<row3>	13.920013 161.069977 69.610001	</row3>
		</transform>
		<editorOnly>
			<castsShadow>	true	</castsShadow>
		</editorOnly>
