<root>
	<model>
		<resource>	sets/temperate/props/fd_watch_tower.model	</resource>
		<animation>
			<name>	flagwave	</name>
			<frameRateMultiplier>	1.000000	</frameRateMultiplier>
		</animation>
		<transform>
			<row0>	1.000000 0.000000 0.000000	</row0>
			<row1>	0.000000 1.000000 0.000000	</row1>
			<row2>	0.000000 0.000000 1.000000	</row2>
			<row3>	63.346191 208.970764 71.907730	</row3>
		</transform>
		<reflectionVisible>	false	</reflectionVisible>
	</model>
	<speedtree>
		<spt>	speedtree/shrubs_flowers/cinnamon_fern/CinnamonFern_RT.spt	</spt>
		<seed>	1	</seed>
		<transform>
			<row0>	0.149485 -0.012440 0.205681	</row0>
			<row1>	0.003247 0.254215 0.013015	</row1>
			<row2>	-0.206031 -0.005019 0.149436	</row2>
			<row3>	68.006348 208.494049 80.965965	</row3>
		</transform>
		<reflectionVisible>	false	</reflectionVisible>
	</speedtree>
	<speedtree>
		<spt>	speedtree/shrubs_flowers/cinnamon_fern/CinnamonFern_RT.spt	</spt>
		<seed>	1	</seed>
		<transform>
			<row0>	0.228238 -0.000666 0.056776	</row0>
			<row1>	-0.011755 0.229529 0.049948	</row1>
			<row2>	-0.055550 -0.051309 0.222706	</row2>
			<row3>	2.498566 203.755264 65.591217	</row3>
		</transform>
		<reflectionVisible>	false	</reflectionVisible>
	</speedtree>
	<model>
		<resource>	sets/town/props/cart/model/cart.model	</resource>
		<transform>
			<row0>	0.997081 -0.024941 0.072117	</row0>
			<row1>	0.074315 0.102824 -0.991917	</row1>
			<row2>	0.017324 0.994384 0.104377	</row2>
			<row3>	94.245819 210.015930 75.209702	</row3>
		</transform>
		<editorOnly>
			<castsShadow>	true	</castsShadow>
		</editorOnly>
		<reflectionVisible>	false	</reflectionVisible>
	</model>
	<model>
		<resource>	sets/temperate/props/fd_village_building.model	</resource>
		<transform>
			<row0>	0.000000 0.000000 1.000000	</row0>
			<row1>	0.000000 1.000000 0.000000	</row1>
			<row2>	-1.000000 0.000000 0.000000	</row2>
			<row3>	93.213837 209.208954 34.476929	</row3>
		</transform>
		<editorOnly>
			<castsShadow>	true	</castsShadow>
		</editorOnly>
		<reflectionVisible>	false	</reflectionVisible>
	</model>
	<model>
		<resource>	sets/temperate/props/fd_fence_wood01.model	</resource>
		<transform>
			<row0>	-1.000000 0.000000 0.000000	</row0>
			<row1>	0.000000 1.000000 0.000000	</row1>
			<row2>	0.000000 0.000000 -1.000000	</row2>
			<row3>	57.070648 209.206375 48.108597	</row3>
		</transform>
		<editorOnly>
			<castsShadow>	true	</castsShadow>
		</editorOnly>
		<reflectionVisible>	false	</reflectionVisible>
	</model>
	<model>
		<resource>	sets/town/props/barrels/model/barrel.model	</resource>
		<transform>
			<row0>	1.000000 0.000000 0.000000	</row0>
			<row1>	0.000000 1.000000 0.000000	</row1>
			<row2>	0.000000 0.000000 1.000000	</row2>
			<row3>	77.675262 209.208817 43.041626	</row3>
		</transform>
		<editorOnly>
			<castsShadow>	true	</castsShadow>
		</editorOnly>
		<reflectionVisible>	false	</reflectionVisible>
	</model>
	<model>
		<resource>	sets/temperate/props/fd_fence_stone.model	</resource>
		<transform>
			<row0>	-0.999812 0.000000 0.019334	</row0>
			<row1>	0.000000 0.999999 0.000000	</row1>
			<row2>	-0.019334 0.000000 -0.999812	</row2>
			<row3>	76.965424 209.215485 34.508606	</row3>
		</transform>
		<editorOnly>
			<castsShadow>	true	</castsShadow>
		</editorOnly>
		<reflectionVisible>	false	</reflectionVisible>
	</model>
	<model>
		<resource>	sets/town/props/t_table.model	</resource>
		<transform>
			<row0>	-1.000000 0.000000 0.000000	</row0>
			<row1>	0.000000 1.000000 0.000000	</row1>
			<row2>	0.000000 0.000000 -1.000000	</row2>
			<row3>	74.370697 209.206375 34.508560	</row3>
		</transform>
		<editorOnly>
			<castsShadow>	true	</castsShadow>
		</editorOnly>
		<reflectionVisible>	false	</reflectionVisible>
	</model>
	<model>
		<resource>	sets/items/grail.model	</resource>
		<transform>
			<row0>	-0.999999 -0.000115 -0.000029	</row0>
			<row1>	-0.000115 0.999998 0.001711	</row1>
			<row2>	0.000029 0.001710 -0.999998	</row2>
			<row3>	73.887787 209.988052 34.774307	</row3>
		</transform>
		<editorOnly>
			<castsShadow>	true	</castsShadow>
		</editorOnly>
		<reflectionVisible>	false	</reflectionVisible>
	</model>
	<model>
		<resource>	sets/town/props/t_candle.model	</resource>
		<transform>
			<row0>	0.156434 0.001718 -0.987687	</row0>
			<row1>	0.000000 0.999998 0.001739	</row1>
			<row2>	0.987688 -0.000272 0.156434	</row2>
			<row3>	73.580170 209.988449 34.544556	</row3>
		</transform>
		<editorOnly>
			<castsShadow>	true	</castsShadow>
		</editorOnly>
		<reflectionVisible>	false	</reflectionVisible>
	</model>
	<model>
		<resource>	sets/town/props/pot/model/pot.model	</resource>
		<transform>
			<row0>	-0.252346 -0.000475 0.252351	</row0>
			<row1>	-0.000002 0.356874 0.000670	</row1>
			<row2>	-0.252351 0.000472 -0.252345	</row2>
			<row3>	75.065277 209.988388 34.581619	</row3>
		</transform>
		<editorOnly>
			<castsShadow>	true	</castsShadow>
		</editorOnly>
		<reflectionVisible>	false	</reflectionVisible>
	</model>
	<model>
		<resource>	sets/temperate/props/fd_fence_stone.model	</resource>
		<transform>
			<row0>	0.000000 0.000000 1.000000	</row0>
			<row1>	0.000000 1.000000 0.000000	</row1>
			<row2>	-1.000000 0.000000 0.000000	</row2>
			<row3>	73.070648 209.206375 48.308548	</row3>
		</transform>
		<editorOnly>
			<castsShadow>	true	</castsShadow>
		</editorOnly>
		<reflectionVisible>	false	</reflectionVisible>
	</model>
	<model>
		<resource>	sets/town/props/t_stand.model	</resource>
		<transform>
			<row0>	1.000000 0.000000 0.000000	</row0>
			<row1>	0.000000 1.000000 0.000000	</row1>
			<row2>	0.000000 0.000000 1.000000	</row2>
			<row3>	69.070648 209.243866 46.908585	</row3>
		</transform>
		<editorOnly>
			<castsShadow>	true	</castsShadow>
		</editorOnly>
		<reflectionVisible>	false	</reflectionVisible>
	</model>
	<model>
		<resource>	sets/town/props/t_stand.model	</resource>
		<transform>
			<row0>	1.000000 0.000000 0.000000	</row0>
			<row1>	0.000000 1.000000 0.000000	</row1>
			<row2>	0.000000 0.000000 1.000000	</row2>
			<row3>	69.070648 209.243866 45.508560	</row3>
		</transform>
		<editorOnly>
			<castsShadow>	true	</castsShadow>
		</editorOnly>
		<reflectionVisible>	false	</reflectionVisible>
	</model>
	<model>
		<resource>	sets/temperate/props/fd_fence_stone.model	</resource>
		<transform>
			<row0>	0.000000 0.000000 1.000000	</row0>
			<row1>	0.000000 1.000000 0.000000	</row1>
			<row2>	-1.000000 0.000000 0.000000	</row2>
			<row3>	65.170624 209.206375 48.308548	</row3>
		</transform>
		<editorOnly>
			<castsShadow>	true	</castsShadow>
		</editorOnly>
		<reflectionVisible>	false	</reflectionVisible>
	</model>
	<model>
		<resource>	sets/town/props/barrels/model/barrel.model	</resource>
		<transform>
			<row0>	0.258819 0.000000 -0.965926	</row0>
			<row1>	0.000000 1.000000 0.000000	</row1>
			<row2>	0.965926 0.000000 0.258819	</row2>
			<row3>	65.553558 209.208923 41.473007	</row3>
		</transform>
		<editorOnly>
			<castsShadow>	true	</castsShadow>
		</editorOnly>
		<reflectionVisible>	false	</reflectionVisible>
	</model>
	<model>
		<resource>	sets/town/props/barrels/model/barrel.model	</resource>
		<transform>
			<row0>	0.866026 0.000000 -0.500000	</row0>
			<row1>	0.000000 1.000000 0.000000	</row1>
			<row2>	0.500000 0.000000 0.866026	</row2>
			<row3>	65.339569 209.208862 35.838287	</row3>
		</transform>
		<editorOnly>
			<castsShadow>	true	</castsShadow>
		</editorOnly>
		<reflectionVisible>	false	</reflectionVisible>
	</model>
	<model>
		<resource>	sets/town/props/t_stool.model	</resource>
		<transform>
			<row0>	-1.000000 0.000000 0.000000	</row0>
			<row1>	0.000000 -0.157662 0.987492	</row1>
			<row2>	0.000000 0.987492 0.157662	</row2>
			<row3>	64.815887 209.476013 38.830109	</row3>
		</transform>
		<editorOnly>
			<castsShadow>	true	</castsShadow>
		</editorOnly>
		<reflectionVisible>	false	</reflectionVisible>
	</model>
	<model>
		<resource>	sets/town/props/barrels/model/barrel.model	</resource>
		<transform>
			<row0>	1.000000 0.000000 0.000000	</row0>
			<row1>	0.000000 1.000000 0.000000	</row1>
			<row2>	0.000000 0.000000 1.000000	</row2>
			<row3>	64.698944 209.208847 36.375992	</row3>
		</transform>
		<editorOnly>
			<castsShadow>	true	</castsShadow>
		</editorOnly>
		<reflectionVisible>	false	</reflectionVisible>
	</model>
	<model>
		<resource>	sets/town/props/barrels/model/barrel_apples.model	</resource>
		<transform>
			<row0>	1.000000 0.000000 0.000000	</row0>
			<row1>	0.000000 1.000000 0.000000	</row1>
			<row2>	0.000000 0.000000 1.000000	</row2>
			<row3>	63.954071 209.208847 41.043808	</row3>
		</transform>
		<editorOnly>
			<castsShadow>	true	</castsShadow>
		</editorOnly>
		<reflectionVisible>	false	</reflectionVisible>
	</model>
	<model>
		<resource>	sets/town/props/barrels/model/barrel.model	</resource>
		<transform>
			<row0>	0.866026 0.000000 -0.500000	</row0>
			<row1>	0.000000 1.000000 0.000000	</row1>
			<row2>	0.500000 0.000000 0.866026	</row2>
			<row3>	64.659882 209.208832 34.717712	</row3>
		</transform>
		<editorOnly>
			<castsShadow>	true	</castsShadow>
		</editorOnly>
		<reflectionVisible>	false	</reflectionVisible>
	</model>
	<model>
		<resource>	sets/town/props/t_stool.model	</resource>
		<transform>
			<row0>	-1.000000 0.000000 0.000000	</row0>
			<row1>	0.000000 0.999999 0.000000	</row1>
			<row2>	0.000000 0.000000 -0.999999	</row2>
			<row3>	64.270721 209.205597 37.608597	</row3>
		</transform>
		<editorOnly>
			<castsShadow>	true	</castsShadow>
		</editorOnly>
		<reflectionVisible>	false	</reflectionVisible>
	</model>
	<model>
		<resource>	sets/town/props/pot/model/pot.model	</resource>
		<transform>
			<row0>	-0.781641 -0.000009 0.781659	</row0>
			<row1>	0.000000 1.105419 0.000012	</row1>
			<row2>	-0.781656 0.000009 -0.781641	</row2>
			<row3>	62.505951 209.208862 43.614746	</row3>
		</transform>
		<editorOnly>
			<castsShadow>	true	</castsShadow>
		</editorOnly>
		<reflectionVisible>	false	</reflectionVisible>
	</model>
	<model>
		<resource>	sets/town/props/t_stool.model	</resource>
		<transform>
			<row0>	-1.000000 0.000000 0.000000	</row0>
			<row1>	0.000000 -0.999998 0.000000	</row1>
			<row2>	0.000000 0.000000 0.999998	</row2>
			<row3>	64.370697 210.305588 37.808548	</row3>
		</transform>
		<editorOnly>
			<castsShadow>	true	</castsShadow>
		</editorOnly>
		<reflectionVisible>	false	</reflectionVisible>
	</model>
	<model>
		<resource>	sets/town/props/barrels/model/barrel.model	</resource>
		<transform>
			<row0>	0.707107 0.000000 -0.707107	</row0>
			<row1>	0.000000 1.000000 0.000000	</row1>
			<row2>	0.707107 0.000000 0.707107	</row2>
			<row3>	64.573822 209.208832 35.551239	</row3>
		</transform>
		<editorOnly>
			<castsShadow>	true	</castsShadow>
		</editorOnly>
		<reflectionVisible>	false	</reflectionVisible>
	</model>
	<model>
		<resource>	sets/temperate/props/fd_fence_stone.model	</resource>
		<transform>
			<row0>	0.000000 0.000000 -1.000000	</row0>
			<row1>	0.000000 1.000000 0.000000	</row1>
			<row2>	1.000000 0.000000 0.000000	</row2>
			<row3>	65.370697 209.206375 30.608597	</row3>
		</transform>
		<editorOnly>
			<castsShadow>	true	</castsShadow>
		</editorOnly>
		<reflectionVisible>	false	</reflectionVisible>
	</model>
	<model>
		<resource>	sets/town/props/barrels/model/barrel.model	</resource>
		<transform>
			<row0>	0.258819 0.000000 -0.965926	</row0>
			<row1>	0.000000 1.000000 0.000000	</row1>
			<row2>	0.965926 0.000000 0.258819	</row2>
			<row3>	64.836639 210.284714 35.911270	</row3>
		</transform>
		<editorOnly>
			<castsShadow>	true	</castsShadow>
		</editorOnly>
		<reflectionVisible>	false	</reflectionVisible>
	</model>
	<model>
		<resource>	sets/temperate/props/fd_village_building.model	</resource>
		<transform>
			<row0>	-1.000000 0.000000 0.000000	</row0>
			<row1>	0.000000 1.000000 0.000000	</row1>
			<row2>	0.000000 0.000000 -1.000000	</row2>
			<row3>	90.199310 209.330048 66.013489	</row3>
		</transform>
		<editorOnly>
			<castsShadow>	true	</castsShadow>
		</editorOnly>
		<reflectionVisible>	false	</reflectionVisible>
	</model>
	<model>
		<resource>	sets/temperate/props/fd_fence_stone.model	</resource>
		<transform>
			<row0>	-1.000000 0.000000 0.000000	</row0>
			<row1>	0.000000 1.000000 0.000000	</row1>
			<row2>	0.000000 0.000000 -1.000000	</row2>
			<row3>	76.901825 209.208954 44.490219	</row3>
		</transform>
		<editorOnly>
			<castsShadow>	true	</castsShadow>
		</editorOnly>
		<reflectionVisible>	false	</reflectionVisible>
	</model>
	<model>
		<resource>	sets/temperate/props/fd_fence_stone.model	</resource>
		<transform>
			<row0>	-1.000000 0.000000 0.000000	</row0>
			<row1>	0.000000 1.000000 0.000000	</row1>
			<row2>	0.000000 0.000000 -1.000000	</row2>
			<row3>	77.070648 209.206360 39.708572	</row3>
		</transform>
		<editorOnly>
			<castsShadow>	true	</castsShadow>
		</editorOnly>
		<reflectionVisible>	false	</reflectionVisible>
	</model>
	<model>
		<resource>	sets/temperate/props/fd_fence_stone.model	</resource>
		<transform>
			<row0>	0.000000 0.000000 -1.000000	</row0>
			<row1>	0.000000 1.000000 0.000000	</row1>
			<row2>	1.000000 0.000000 0.000000	</row2>
			<row3>	68.921234 209.209930 30.698166	</row3>
		</transform>
		<editorOnly>
			<castsShadow>	true	</castsShadow>
		</editorOnly>
		<reflectionVisible>	false	</reflectionVisible>
	</model>
	<model>
		<resource>	sets/temperate/props/woodpile.model	</resource>
		<transform>
			<row0>	-0.003655 0.000000 -0.999992	</row0>
			<row1>	0.000000 0.999999 0.000000	</row1>
			<row2>	0.999992 0.000000 -0.003655	</row2>
			<row3>	93.151093 209.360321 48.670746	</row3>
		</transform>
		<editorOnly>
			<castsShadow>	true	</castsShadow>
		</editorOnly>
		<reflectionVisible>	false	</reflectionVisible>
	</model>
	<model>
		<resource>	sets/temperate/props/woodpile.model	</resource>
		<transform>
			<row0>	-0.003655 -0.999319 0.036670	</row0>
			<row1>	0.000000 -0.036670 -0.999326	</row1>
			<row2>	0.999991 -0.003653 0.000134	</row2>
			<row3>	93.057831 211.089371 49.992004	</row3>
		</transform>
		<editorOnly>
			<castsShadow>	true	</castsShadow>
		</editorOnly>
		<reflectionVisible>	false	</reflectionVisible>
	</model>
	<model>
		<resource>	sets/town/props/t_weaponrack.model	</resource>
		<transform>
			<row0>	0.999999 0.000000 0.000000	</row0>
			<row1>	0.000000 1.000000 0.000000	</row1>
			<row2>	-0.000000 0.000000 0.999999	</row2>
			<row3>	95.801849 209.423615 49.696899	</row3>
		</transform>
		<editorOnly>
			<castsShadow>	true	</castsShadow>
		</editorOnly>
		<reflectionVisible>	false	</reflectionVisible>
	</model>
	<model>
		<resource>	sets/town/props/axe.model	</resource>
		<transform>
			<row0>	1.284344 0.011846 -0.192337	</row0>
			<row1>	0.034370 1.261397 0.307197	</row1>
			<row2>	0.189611 -0.308887 1.247121	</row2>
			<row3>	95.594818 209.418015 49.156311	</row3>
		</transform>
		<editorOnly>
			<castsShadow>	true	</castsShadow>
		</editorOnly>
		<reflectionVisible>	false	</reflectionVisible>
	</model>
	<model>
		<resource>	sets/town/props/wheel_barrow/model/wheel_barrow_full.model	</resource>
		<transform>
			<row0>	-0.999997 0.000000 -0.000000	</row0>
			<row1>	0.000000 0.999998 0.000000	</row1>
			<row2>	0.000000 0.000000 -0.999998	</row2>
			<row3>	99.343475 209.454819 51.327866	</row3>
		</transform>
		<editorOnly>
			<castsShadow>	true	</castsShadow>
		</editorOnly>
		<reflectionVisible>	false	</reflectionVisible>
	</model>
	<model>
		<resource>	sets/town/props/barrels/model/barrel.model	</resource>
		<transform>
			<row0>	-0.965925 0.000000 0.258819	</row0>
			<row1>	0.000000 1.000000 0.000000	</row1>
			<row2>	-0.258819 0.000000 -0.965925	</row2>
			<row3>	93.411102 209.312027 58.054688	</row3>
		</transform>
		<editorOnly>
			<castsShadow>	true	</castsShadow>
		</editorOnly>
		<reflectionVisible>	false	</reflectionVisible>
	</model>
	<model>
		<resource>	sets/town/props/barrels/model/barrel.model	</resource>
		<transform>
			<row0>	-0.258819 0.000000 -0.965925	</row0>
			<row1>	0.000000 1.000000 0.000000	</row1>
			<row2>	0.965925 0.000000 -0.258819	</row2>
			<row3>	94.383148 209.309692 58.118164	</row3>
		</transform>
		<editorOnly>
			<castsShadow>	true	</castsShadow>
		</editorOnly>
		<reflectionVisible>	false	</reflectionVisible>
	</model>
	<model>
		<resource>	sets/town/props/barrels/model/barrel.model	</resource>
		<transform>
			<row0>	0.999999 0.000000 0.000000	</row0>
			<row1>	0.000000 0.999999 0.000000	</row1>
			<row2>	0.000000 0.000000 0.999999	</row2>
			<row3>	95.212006 209.314743 58.156387	</row3>
		</transform>
		<editorOnly>
			<castsShadow>	true	</castsShadow>
		</editorOnly>
		<reflectionVisible>	false	</reflectionVisible>
	</model>
	<model>
		<resource>	sets/town/props/barrels/model/barrel.model	</resource>
		<transform>
			<row0>	1.000000 0.000000 0.000000	</row0>
			<row1>	0.000000 1.000000 0.000000	</row1>
			<row2>	0.000000 0.000000 1.000000	</row2>
			<row3>	81.539154 209.211487 55.591888	</row3>
		</transform>
		<editorOnly>
			<castsShadow>	true	</castsShadow>
		</editorOnly>
		<reflectionVisible>	false	</reflectionVisible>
	</model>
	<model>
		<resource>	sets/temperate/props/woodpile.model	</resource>
		<transform>
			<row0>	0.035083 -0.008702 -0.721726	</row0>
			<row1>	-0.003506 0.722567 -0.008883	</row1>
			<row2>	0.721769 0.003933 0.035038	</row2>
			<row3>	99.475922 209.372055 55.076355	</row3>
		</transform>
		<editorOnly>
			<castsShadow>	true	</castsShadow>
		</editorOnly>
		<reflectionVisible>	false	</reflectionVisible>
	</model>
	<model>
		<resource>	sets/temperate/props/woodpile.model	</resource>
		<transform>
			<row0>	0.021964 0.021952 -0.455270	</row0>
			<row1>	-0.003521 0.455792 0.021807	</row1>
			<row2>	0.455784 0.002464 0.022108	</row2>
			<row3>	99.320526 210.209854 51.349762	</row3>
		</transform>
		<editorOnly>
			<castsShadow>	true	</castsShadow>
		</editorOnly>
		<reflectionVisible>	false	</reflectionVisible>
	</model>
	<model>
		<resource>	sets/temperate/props/fd_peasant_hut.model	</resource>
		<transform>
			<row0>	0.000000 0.000000 -0.999999	</row0>
			<row1>	0.000000 0.999999 0.000000	</row1>
			<row2>	0.999999 0.000000 0.000000	</row2>
			<row3>	88.575531 209.284134 53.877609	</row3>
		</transform>
		<editorOnly>
			<castsShadow>	true	</castsShadow>
		</editorOnly>
		<reflectionVisible>	false	</reflectionVisible>
	</model>
	<model>
		<resource>	sets/town/props/axe.model	</resource>
		<transform>
			<row0>	0.192337 0.011846 1.284343	</row0>
			<row1>	-0.307197 1.261396 0.034370	</row1>
			<row2>	-1.247119 -0.308887 0.189611	</row2>
			<row3>	99.292084 209.456772 53.554367	</row3>
		</transform>
		<editorOnly>
			<castsShadow>	true	</castsShadow>
		</editorOnly>
		<reflectionVisible>	false	</reflectionVisible>
	</model>
	<model>
		<resource>	sets/town/props/table_indoor/model/table_indoor.model	</resource>
		<transform>
			<row0>	1.000000 0.000000 0.000000	</row0>
			<row1>	0.000000 1.000000 0.000000	</row1>
			<row2>	0.000000 0.000000 1.000000	</row2>
			<row3>	73.947083 209.208969 45.659088	</row3>
		</transform>
		<editorOnly>
			<castsShadow>	true	</castsShadow>
		</editorOnly>
		<reflectionVisible>	false	</reflectionVisible>
	</model>
	<model>
		<resource>	sets/items/grail.model	</resource>
		<transform>
			<row0>	-0.999503 -0.031549 -0.000034	</row0>
			<row1>	-0.031549 0.999500 0.002281	</row1>
			<row2>	-0.000038 0.002281 -0.999997	</row2>
			<row3>	73.390717 210.186951 45.434784	</row3>
		</transform>
		<editorOnly>
			<castsShadow>	true	</castsShadow>
		</editorOnly>
		<reflectionVisible>	false	</reflectionVisible>
	</model>
	<model>
		<resource>	sets/items/grail.model	</resource>
		<transform>
			<row0>	-0.999999 0.001386 0.000040	</row0>
			<row1>	0.001386 0.999997 0.002203	</row1>
			<row2>	-0.000037 0.002203 -0.999997	</row2>
			<row3>	73.640472 210.185410 46.006668	</row3>
		</transform>
		<editorOnly>
			<castsShadow>	true	</castsShadow>
		</editorOnly>
		<reflectionVisible>	false	</reflectionVisible>
	</model>
	<model>
		<resource>	sets/town/props/bench/model/bench.model	</resource>
		<transform>
			<row0>	0.000000 0.000000 1.347364	</row0>
			<row1>	-0.000000 1.347365 0.000000	</row1>
			<row2>	-1.347365 -0.000000 0.000000	</row2>
			<row3>	74.986786 209.208969 39.083893	</row3>
		</transform>
		<editorOnly>
			<castsShadow>	true	</castsShadow>
		</editorOnly>
		<reflectionVisible>	false	</reflectionVisible>
	</model>
	<model>
		<resource>	sets/town/props/t_candle.model	</resource>
		<transform>
			<row0>	0.114412 -0.000006 -0.931816	</row0>
			<row1>	0.000049 0.938813 0.000000	</row1>
			<row2>	0.931816 -0.000048 0.114413	</row2>
			<row3>	74.880341 209.889847 37.189667	</row3>
		</transform>
		<editorOnly>
			<castsShadow>	true	</castsShadow>
		</editorOnly>
		<reflectionVisible>	false	</reflectionVisible>
	</model>
	<model>
		<resource>	sets/town/props/barrels/model/barrel_apples.model	</resource>
		<transform>
			<row0>	0.965889 0.000000 -0.258956	</row0>
			<row1>	-0.000000 0.999998 0.000001	</row1>
			<row2>	0.258955 -0.000001 0.965889	</row2>
			<row3>	96.898895 209.871063 22.168518	</row3>
		</transform>
		<editorOnly>
			<castsShadow>	true	</castsShadow>
		</editorOnly>
		<reflectionVisible>	false	</reflectionVisible>
	</model>
	<model>
		<resource>	sets/town/props/barrels/model/barrel_apples.model	</resource>
		<transform>
			<row0>	0.965889 -0.000244 -0.258956	</row0>
			<row1>	0.000126 0.999998 -0.000471	</row1>
			<row2>	0.258955 0.000422 0.965889	</row2>
			<row3>	96.951385 209.877899 23.028748	</row3>
		</transform>
		<editorOnly>
			<castsShadow>	true	</castsShadow>
		</editorOnly>
		<reflectionVisible>	false	</reflectionVisible>
	</model>
	<model>
		<resource>	sets/town/props/barrels/model/barrel.model	</resource>
		<transform>
			<row0>	1.000000 0.000000 0.000000	</row0>
			<row1>	0.000000 1.000000 0.000000	</row1>
			<row2>	0.000000 0.000000 1.000000	</row2>
			<row3>	80.047638 209.770432 21.226257	</row3>
		</transform>
		<editorOnly>
			<castsShadow>	true	</castsShadow>
		</editorOnly>
		<reflectionVisible>	false	</reflectionVisible>
	</model>
	<model>
		<resource>	sets/town/props/barrels/model/barrel.model	</resource>
		<transform>
			<row0>	1.000000 0.000000 0.000000	</row0>
			<row1>	0.000000 1.000000 0.000000	</row1>
			<row2>	0.000000 0.000000 1.000000	</row2>
			<row3>	80.004303 209.764816 22.073013	</row3>
		</transform>
		<editorOnly>
			<castsShadow>	true	</castsShadow>
		</editorOnly>
		<reflectionVisible>	false	</reflectionVisible>
	</model>
	<model>
		<resource>	sets/town/props/barrels/model/barrel.model	</resource>
		<transform>
			<row0>	1.000000 0.000000 0.000000	</row0>
			<row1>	0.000000 1.000000 0.000000	</row1>
			<row2>	0.000000 0.000000 1.000000	</row2>
			<row3>	80.015778 209.737885 23.139633	</row3>
		</transform>
		<editorOnly>
			<castsShadow>	true	</castsShadow>
		</editorOnly>
		<reflectionVisible>	false	</reflectionVisible>
	</model>
	<model>
		<resource>	sets/town/props/barrels/model/barrel.model	</resource>
		<transform>
			<row0>	1.000000 0.000000 0.000000	</row0>
			<row1>	0.000000 1.000000 0.000000	</row1>
			<row2>	0.000000 0.000000 1.000000	</row2>
			<row3>	80.092987 209.724579 24.017929	</row3>
		</transform>
		<editorOnly>
			<castsShadow>	true	</castsShadow>
		</editorOnly>
		<reflectionVisible>	false	</reflectionVisible>
	</model>
	<model>
		<resource>	sets/town/props/cart/model/cart.model	</resource>
		<transform>
			<row0>	0.000000 -0.000000 -0.999999	</row0>
			<row1>	-0.308825 0.951118 -0.000000	</row1>
			<row2>	0.951118 0.308825 0.000000	</row2>
			<row3>	80.891998 209.759857 25.402222	</row3>
		</transform>
		<editorOnly>
			<castsShadow>	true	</castsShadow>
		</editorOnly>
		<reflectionVisible>	false	</reflectionVisible>
	</model>
	<model>
		<resource>	sets/town/props/barrels/model/barrel.model	</resource>
		<transform>
			<row0>	0.997865 0.065293 -0.001336	</row0>
			<row1>	-0.065270 0.997781 0.013101	</row1>
			<row2>	0.002188 -0.012986 0.999913	</row2>
			<row3>	81.327606 210.528931 25.620071	</row3>
		</transform>
		<editorOnly>
			<castsShadow>	true	</castsShadow>
		</editorOnly>
		<reflectionVisible>	false	</reflectionVisible>
	</model>
	<model>
		<resource>	sets/town/props/barrels/model/barrel.model	</resource>
		<transform>
			<row0>	-0.964069 -0.058870 -0.259046	</row0>
			<row1>	-0.065405 0.997718 0.016673	</row1>
			<row2>	0.257474 0.033017 -0.965721	</row2>
			<row3>	80.679169 210.490219 25.161606	</row3>
		</transform>
		<editorOnly>
			<castsShadow>	true	</castsShadow>
		</editorOnly>
		<reflectionVisible>	false	</reflectionVisible>
	</model>
	<model>
		<resource>	sets/town/props/barrels/model/barrel.model	</resource>
		<transform>
			<row0>	-0.963547 -0.067272 -0.258940	</row0>
			<row1>	-0.058373 0.997413 -0.041912	</row1>
			<row2>	0.261091 -0.025269 -0.964983	</row2>
			<row3>	80.045380 210.447586 25.631882	</row3>
		</transform>
		<editorOnly>
			<castsShadow>	true	</castsShadow>
		</editorOnly>
		<reflectionVisible>	false	</reflectionVisible>
	</model>
	<model>
		<resource>	sets/town/props/t_crate.model	</resource>
		<transform>
			<row0>	-1.108040 0.000406 -0.000008	</row0>
			<row1>	0.000406 1.107748 0.025929	</row1>
			<row2>	0.000026 0.038451 -1.642733	</row2>
			<row3>	82.883636 209.715958 25.366684	</row3>
		</transform>
		<editorOnly>
			<castsShadow>	true	</castsShadow>
		</editorOnly>
		<reflectionVisible>	false	</reflectionVisible>
	</model>
	<model>
		<resource>	sets/town/props/barrels/model/barrel.model	</resource>
		<transform>
			<row0>	0.999565 0.028199 -0.008648	</row0>
			<row1>	-0.028066 0.999490 0.015200	</row1>
			<row2>	0.009073 -0.014951 0.999847	</row2>
			<row3>	90.515717 209.710587 26.188232	</row3>
		</transform>
		<editorOnly>
			<castsShadow>	true	</castsShadow>
		</editorOnly>
		<reflectionVisible>	false	</reflectionVisible>
	</model>
	<model>
		<resource>	sets/town/props/barrels/model/barrel.model	</resource>
		<transform>
			<row0>	0.999987 -0.005105 -0.000033	</row0>
			<row1>	0.005105 0.999904 0.012841	</row1>
			<row2>	-0.000033 -0.012841 0.999917	</row2>
			<row3>	80.586884 209.755768 22.545441	</row3>
		</transform>
		<editorOnly>
			<castsShadow>	true	</castsShadow>
		</editorOnly>
		<reflectionVisible>	false	</reflectionVisible>
	</model>
	<model>
		<resource>	sets/town/props/barrels/model/barrel.model	</resource>
		<transform>
			<row0>	0.999984 0.005579 0.000147	</row0>
			<row1>	-0.005581 0.999762 0.021051	</row1>
			<row2>	-0.000030 -0.021052 0.999777	</row2>
			<row3>	80.629242 209.742386 23.472794	</row3>
		</transform>
		<editorOnly>
			<castsShadow>	true	</castsShadow>
		</editorOnly>
		<reflectionVisible>	false	</reflectionVisible>
	</model>
	<model>
		<resource>	sets/town/props/t_crate.model	</resource>
		<transform>
			<row0>	-0.000008 0.000406 1.108039	</row0>
			<row1>	0.025929 1.107747 -0.000406	</row1>
			<row2>	-1.642732 0.038451 -0.000026	</row2>
			<row3>	90.002045 209.673630 21.694611	</row3>
		</transform>
		<editorOnly>
			<castsShadow>	true	</castsShadow>
		</editorOnly>
		<reflectionVisible>	false	</reflectionVisible>
	</model>
	<model>
		<resource>	sets/town/props/cart/model/cart.model	</resource>
		<transform>
			<row0>	-0.999999 0.000000 0.000000	</row0>
			<row1>	0.000000 0.951118 0.308825	</row1>
			<row2>	-0.000000 0.308825 -0.951118	</row2>
			<row3>	90.037567 209.717529 23.686279	</row3>
		</transform>
		<editorOnly>
			<castsShadow>	true	</castsShadow>
		</editorOnly>
		<reflectionVisible>	false	</reflectionVisible>
	</model>
	<model>
		<resource>	sets/town/props/barrels/model/barrel.model	</resource>
		<transform>
			<row0>	-0.259046 -0.058870 0.964069	</row0>
			<row1>	0.016673 0.997717 0.065405	</row1>
			<row2>	-0.965721 0.033017 -0.257474	</row2>
			<row3>	89.796967 210.447891 23.899139	</row3>
		</transform>
		<editorOnly>
			<castsShadow>	true	</castsShadow>
		</editorOnly>
		<reflectionVisible>	false	</reflectionVisible>
	</model>
	<model>
		<resource>	sets/town/props/barrels/model/barrel.model	</resource>
		<transform>
			<row0>	-0.258940 -0.067272 0.963547	</row0>
			<row1>	-0.041912 0.997413 0.058373	</row1>
			<row2>	-0.964982 -0.025269 -0.261091	</row2>
			<row3>	90.267303 210.405258 24.532867	</row3>
		</transform>
		<editorOnly>
			<castsShadow>	true	</castsShadow>
		</editorOnly>
		<reflectionVisible>	false	</reflectionVisible>
	</model>
	<model>
		<resource>	sets/town/props/barrels/model/barrel_apples.model	</resource>
		<transform>
			<row0>	0.953666 -0.004593 -0.300828	</row0>
			<row1>	-0.005605 0.999436 -0.033027	</row1>
			<row2>	0.300810 0.033182 0.953105	</row2>
			<row3>	91.056122 209.698624 22.217514	</row3>
		</transform>
		<editorOnly>
			<castsShadow>	true	</castsShadow>
		</editorOnly>
		<reflectionVisible>	false	</reflectionVisible>
	</model>
	<model>
		<resource>	sets/town/props/barrels/model/barrel_apples.model	</resource>
		<transform>
			<row0>	0.965922 -0.013029 -0.258503	</row0>
			<row1>	0.005878 0.999576 -0.028414	</row1>
			<row2>	0.258763 0.025925 0.965591	</row2>
			<row3>	91.042816 209.669815 21.431168	</row3>
		</transform>
		<editorOnly>
			<castsShadow>	true	</castsShadow>
		</editorOnly>
		<reflectionVisible>	false	</reflectionVisible>
	</model>
	<model>
		<resource>	sets/temperate/props/woodpile.model	</resource>
		<transform>
			<row0>	0.021971 0.008456 -0.455720	</row0>
			<row1>	0.000586 0.456247 0.008495	</row1>
			<row2>	0.455797 -0.000993 0.021956	</row2>
			<row3>	77.523529 209.582916 9.204529	</row3>
		</transform>
		<editorOnly>
			<castsShadow>	true	</castsShadow>
		</editorOnly>
		<reflectionVisible>	false	</reflectionVisible>
	</model>
	<model>
		<resource>	sets/temperate/props/woodpile.model	</resource>
		<transform>
			<row0>	0.021946 -0.000946 -0.455798	</row0>
			<row1>	0.007561 0.456263 -0.000583	</row1>
			<row2>	0.455736 -0.007524 0.021959	</row2>
			<row3>	77.528046 209.590744 8.033386	</row3>
		</transform>
		<editorOnly>
			<castsShadow>	true	</castsShadow>
		</editorOnly>
		<reflectionVisible>	false	</reflectionVisible>
	</model>
	<model>
		<resource>	sets/temperate/props/woodpile.model	</resource>
		<transform>
			<row0>	0.022047 -0.007363 -0.455734	</row0>
			<row1>	0.004680 -0.456238 0.007598	</row1>
			<row2>	-0.455769 -0.005041 -0.021967	</row2>
			<row3>	77.533661 210.358780 8.577499	</row3>
		</transform>
		<editorOnly>
			<castsShadow>	true	</castsShadow>
		</editorOnly>
		<reflectionVisible>	false	</reflectionVisible>
	</model>
	<model>
		<resource>	sets/town/props/t_crate.model	</resource>
		<transform>
			<row0>	-0.000184 0.031999 0.999487	</row0>
			<row1>	0.012806 0.999406 -0.031994	</row1>
			<row2>	-0.999918 0.012793 -0.000594	</row2>
			<row3>	76.752655 209.457001 5.432709	</row3>
		</transform>
		<editorOnly>
			<castsShadow>	true	</castsShadow>
		</editorOnly>
		<reflectionVisible>	false	</reflectionVisible>
	</model>
	<model>
		<resource>	sets/town/props/t_crate.model	</resource>
		<transform>
			<row0>	-0.999918 0.012824 0.000000	</row0>
			<row1>	0.012817 0.999406 -0.031982	</row1>
			<row2>	-0.000410 -0.031980 -0.999488	</row2>
			<row3>	77.576508 209.445236 5.394348	</row3>
		</transform>
		<editorOnly>
			<castsShadow>	true	</castsShadow>
		</editorOnly>
		<reflectionVisible>	false	</reflectionVisible>
	</model>
	<model>
		<resource>	sets/town/props/wheel_barrow/model/wheel_barrow_full.model	</resource>
		<transform>
			<row0>	-0.999997 0.000000 0.000000	</row0>
			<row1>	0.000000 0.999998 0.000000	</row1>
			<row2>	0.000000 0.000000 -0.999998	</row2>
			<row3>	79.096893 209.535080 8.563202	</row3>
		</transform>
		<editorOnly>
			<castsShadow>	true	</castsShadow>
		</editorOnly>
		<reflectionVisible>	false	</reflectionVisible>
	</model>
	<model>
		<resource>	sets/temperate/props/woodpile.model	</resource>
		<transform>
			<row0>	0.021964 0.021952 -0.455270	</row0>
			<row1>	-0.003521 0.455792 0.021807	</row1>
			<row2>	0.455784 0.002464 0.022108	</row2>
			<row3>	79.073944 210.290115 8.585098	</row3>
		</transform>
		<editorOnly>
			<castsShadow>	true	</castsShadow>
		</editorOnly>
		<reflectionVisible>	false	</reflectionVisible>
	</model>
	<model>
		<resource>	sets/town/props/t_crate.model	</resource>
		<transform>
			<row0>	-0.999918 0.012824 0.000000	</row0>
			<row1>	0.012817 0.999406 -0.031982	</row1>
			<row2>	-0.000410 -0.031980 -0.999488	</row2>
			<row3>	81.581757 209.572937 11.188797	</row3>
		</transform>
		<editorOnly>
			<castsShadow>	true	</castsShadow>
		</editorOnly>
		<reflectionVisible>	false	</reflectionVisible>
	</model>
	<model>
		<resource>	sets/town/props/t_crate.model	</resource>
		<transform>
			<row0>	-0.000184 0.031999 0.999487	</row0>
			<row1>	0.012806 0.999406 -0.031994	</row1>
			<row2>	-0.999918 0.012793 -0.000594	</row2>
			<row3>	80.757904 209.584702 11.227142	</row3>
		</transform>
		<editorOnly>
			<castsShadow>	true	</castsShadow>
		</editorOnly>
		<reflectionVisible>	false	</reflectionVisible>
	</model>
	<model>
		<resource>	sets/town/props/bench/model/bench.model	</resource>
		<transform>
			<row0>	1.347115 0.025863 -0.000182	</row0>
			<row1>	-0.025863 1.346981 -0.018991	</row1>
			<row2>	-0.000182 0.018991 1.347230	</row2>
			<row3>	84.472992 209.567337 11.197479	</row3>
		</transform>
		<editorOnly>
			<castsShadow>	true	</castsShadow>
		</editorOnly>
		<reflectionVisible>	false	</reflectionVisible>
	</model>
	<model>
		<resource>	sets/town/props/bench/model/bench.model	</resource>
		<transform>
			<row0>	1.347292 -0.013810 0.000682	</row0>
			<row1>	0.013824 1.346708 -0.039679	</row1>
			<row2>	-0.000275 0.039684 1.346779	</row2>
			<row3>	93.765839 209.407547 11.064392	</row3>
		</transform>
		<editorOnly>
			<castsShadow>	true	</castsShadow>
		</editorOnly>
		<reflectionVisible>	false	</reflectionVisible>
	</model>
	<model>
		<resource>	characters/npc/crab/crab.model	</resource>
		<animation>
			<name>	crab_dead	</name>
			<frameRateMultiplier>	1.000000	</frameRateMultiplier>
		</animation>
		<transform>
			<row0>	-0.499973 0.010258 0.865980	</row0>
			<row1>	-0.020377 0.999513 -0.023605	</row1>
			<row2>	-0.865800 -0.029448 -0.499521	</row2>
			<row3>	95.576721 210.070435 11.075272	</row3>
		</transform>
		<editorOnly>
			<castsShadow>	true	</castsShadow>
		</editorOnly>
		<reflectionVisible>	false	</reflectionVisible>
	</model>
	<model>
		<resource>	characters/npc/crab/crab.model	</resource>
		<animation>
			<name>	crab_dead	</name>
			<frameRateMultiplier>	1.000000	</frameRateMultiplier>
		</animation>
		<transform>
			<row0>	-0.865978 0.010263 0.499974	</row0>
			<row1>	-0.005842 0.999513 -0.030634	</row1>
			<row2>	-0.500044 -0.029450 -0.865498	</row2>
			<row3>	95.284271 210.068008 10.853592	</row3>
		</transform>
		<editorOnly>
			<castsShadow>	true	</castsShadow>
		</editorOnly>
		<reflectionVisible>	false	</reflectionVisible>
	</model>
	<model>
		<resource>	characters/npc/crab/crab.model	</resource>
		<animation>
			<name>	crab_dead	</name>
			<frameRateMultiplier>	1.000000	</frameRateMultiplier>
		</animation>
		<transform>
			<row0>	-0.999719 0.023613 -0.000332	</row0>
			<row1>	0.023614 0.999513 -0.020371	</row1>
			<row2>	-0.000148 -0.020374 -0.999791	</row2>
			<row3>	93.923798 210.086258 10.947266	</row3>
		</transform>
		<editorOnly>
			<castsShadow>	true	</castsShadow>
		</editorOnly>
		<reflectionVisible>	false	</reflectionVisible>
	</model>
	<model>
		<resource>	characters/npc/crab/crab.model	</resource>
		<animation>
			<name>	crab_dead	</name>
			<frameRateMultiplier>	1.000000	</frameRateMultiplier>
		</animation>
		<transform>
			<row0>	0.000001 0.010263 0.999945	</row0>
			<row1>	-0.029451 0.999513 -0.010258	</row1>
			<row2>	-0.999565 -0.029450 0.000302	</row2>
			<row3>	92.183228 210.108398 11.180466	</row3>
		</transform>
		<editorOnly>
			<castsShadow>	true	</castsShadow>
		</editorOnly>
		<reflectionVisible>	false	</reflectionVisible>
	</model>
	<model>
		<resource>	sets/town/props/t_basket.model	</resource>
		<transform>
			<row0>	-0.999947 0.010258 0.000000	</row0>
			<row1>	0.010254 0.999513 -0.029450	</row1>
			<row2>	-0.000302 -0.029448 -0.999566	</row2>
			<row3>	93.087250 210.096008 11.075027	</row3>
		</transform>
		<editorOnly>
			<castsShadow>	true	</castsShadow>
		</editorOnly>
		<reflectionVisible>	false	</reflectionVisible>
	</model>
	<model>
		<resource>	sets/town/props/wheel_barrow/model/wheel_barrow_empty.model	</resource>
		<transform>
			<row0>	-0.499998 0.002563 0.866022	</row0>
			<row1>	-0.000925 0.999993 -0.003494	</row1>
			<row2>	-0.866026 -0.002548 -0.499993	</row2>
			<row3>	95.944794 209.374100 9.917938	</row3>
		</transform>
		<editorOnly>
			<castsShadow>	true	</castsShadow>
		</editorOnly>
		<reflectionVisible>	false	</reflectionVisible>
	</model>
	<model>
		<resource>	sets/temperate/props/woodpile.model	</resource>
		<transform>
			<row0>	-0.455756 0.005132 -0.022254	</row0>
			<row1>	0.005848 0.456056 -0.014594	</row1>
			<row2>	0.022077 -0.014860 -0.455550	</row2>
			<row3>	81.652679 210.210526 11.207108	</row3>
		</transform>
		<editorOnly>
			<castsShadow>	true	</castsShadow>
		</editorOnly>
		<reflectionVisible>	false	</reflectionVisible>
	</model>
	<model>
		<resource>	sets/temperate/props/woodpile.model	</resource>
		<transform>
			<row0>	-0.584848 -0.011626 -0.028141	</row0>
			<row1>	-0.011241 0.585473 -0.008255	</row1>
			<row2>	0.028297 -0.007702 -0.584905	</row2>
			<row3>	85.872040 210.276276 11.267227	</row3>
		</transform>
		<editorOnly>
			<castsShadow>	true	</castsShadow>
		</editorOnly>
		<reflectionVisible>	false	</reflectionVisible>
	</model>
	<model>
		<resource>	sets/town/props/barrels/model/barrel.model	</resource>
		<transform>
			<row0>	-0.258809 0.009288 0.965883	</row0>
			<row1>	0.002564 0.999956 -0.008929	</row1>
			<row2>	-0.965925 0.000165 -0.258821	</row2>
			<row3>	80.680267 209.573380 10.374069	</row3>
		</transform>
		<editorOnly>
			<castsShadow>	true	</castsShadow>
		</editorOnly>
		<reflectionVisible>	false	</reflectionVisible>
	</model>
	<model>
		<resource>	sets/town/props/wheel_barrow/model/wheel_barrow_full.model	</resource>
		<transform>
			<row0>	0.965802 -0.015912 -0.258788	</row0>
			<row1>	0.001633 0.998468 -0.055296	</row1>
			<row2>	0.259272 0.052983 0.964350	</row2>
			<row3>	91.931976 209.685410 21.602936	</row3>
		</transform>
		<editorOnly>
			<castsShadow>	true	</castsShadow>
		</editorOnly>
		<reflectionVisible>	false	</reflectionVisible>
	</model>
	<model>
		<resource>	sets/town/props/wheel_barrow/model/wheel_barrow_full.model	</resource>
		<transform>
			<row0>	0.998912 0.046310 -0.005193	</row0>
			<row1>	-0.045983 0.997622 0.051325	</row1>
			<row2>	0.007558 -0.051031 0.998668	</row2>
			<row3>	96.062225 209.895782 21.341278	</row3>
		</transform>
		<editorOnly>
			<castsShadow>	true	</castsShadow>
		</editorOnly>
		<reflectionVisible>	false	</reflectionVisible>
	</model>
	<model>
		<resource>	sets/town/props/wheel_barrow/model/wheel_barrow_full.model	</resource>
		<transform>
			<row0>	-0.006235 -0.007309 -0.999952	</row0>
			<row1>	-0.002629 0.999968 -0.007292	</row1>
			<row2>	0.999975 0.002583 -0.006253	</row2>
			<row3>	97.299774 209.904892 25.931549	</row3>
		</transform>
		<editorOnly>
			<castsShadow>	true	</castsShadow>
		</editorOnly>
		<reflectionVisible>	false	</reflectionVisible>
	</model>
	<model>
		<resource>	sets/town/props/t_shovel.model	</resource>
		<transform>
			<row0>	0.001467 0.000311 0.705524	</row0>
			<row1>	-0.146469 0.690156 -0.000000	</row1>
			<row2>	-0.690154 -0.146468 0.001500	</row2>
			<row3>	75.372498 209.231064 21.271988	</row3>
		</transform>
		<editorOnly>
			<castsShadow>	true	</castsShadow>
		</editorOnly>
		<reflectionVisible>	false	</reflectionVisible>
	</model>
	<model>
		<resource>	sets/town/props/t_shovel.model	</resource>
		<transform>
			<row0>	0.001500 0.000007 0.705524	</row0>
			<row1>	-0.143396 0.690800 0.000297	</row1>
			<row2>	-0.690798 -0.143397 0.001471	</row2>
			<row3>	75.363525 209.208939 21.498291	</row3>
		</transform>
		<editorOnly>
			<castsShadow>	true	</castsShadow>
		</editorOnly>
		<reflectionVisible>	false	</reflectionVisible>
	</model>
	<model>
