<root>
	<model>
		<resource>	sets/temperate/props/fd_village_statue.model	</resource>
		<transform>
			<row0>	-0.525104 0.000000 0.010025	</row0>
			<row1>	0.000000 0.525200 0.000000	</row1>
			<row2>	-0.010025 0.000000 -0.525104	</row2>
			<row3>	72.286194 227.201981 13.371109	</row3>
		</transform>
		<editorOnly>
			<castsShadow>	true	</castsShadow>
		</editorOnly>
		<reflectionVisible>	false	</reflectionVisible>
	</model>
	<model>
		<resource>	sets/town/props/grave_gargoyle/model/grave_gargoyle.model	</resource>
		<transform>
			<row0>	0.000000 0.000000 -1.000000	</row0>
			<row1>	0.000000 1.000000 0.000000	</row1>
			<row2>	1.000000 -0.000000 0.000000	</row2>
			<row3>	78.038269 236.220276 12.359329	</row3>
		</transform>
		<editorOnly>
			<castsShadow>	true	</castsShadow>
		</editorOnly>
		<reflectionVisible>	false	</reflectionVisible>
	</model>
	<model>
		<editorOnly>
			<hidden>	false	</hidden>
			<frozen>	false	</frozen>
			<castsShadow>	true	</castsShadow>
		</editorOnly>
		<metaData>
			<created_by>	adamm	</created_by>
			<created_on>	1299548157	</created_on>
			<modified_by>	adamm	</modified_by>
			<modified_on>	1299548259	</modified_on>
		</metaData>
		<resource>	sets/temperate/props/keep/models/keep_lod0_p4.model	</resource>
		<transform>
			<row0>	-0.562682 0.000001 -0.826671	</row0>
			<row1>	0.000002 0.999999 0.000000	</row1>
			<row2>	0.826671 -0.000002 -0.562682	</row2>
			<row3>	3.409363 226.807022 73.514427	</row3>
		</transform>
		<reflectionVisible>	false	</reflectionVisible>
	</model>
	<model>
		<editorOnly>
			<hidden>	false	</hidden>
			<frozen>	false	</frozen>
			<castsShadow>	true	</castsShadow>
		</editorOnly>
		<metaData>
			<created_by>	adamm	</created_by>
			<created_on>	1299548157	</created_on>
			<modified_by>	adamm	</modified_by>
			<modified_on>	1299548259	</modified_on>
		</metaData>
		<resource>	sets/temperate/props/keep/models/keep_lod0_p2.model	</resource>
		<transform>
			<row0>	-0.562682 0.000001 -0.826671	</row0>
			<row1>	0.000002 0.999999 0.000000	</row1>
			<row2>	0.826671 -0.000002 -0.562682	</row2>
			<row3>	82.881592 226.842789 90.929924	</row3>
		</transform>
		<reflectionVisible>	false	</reflectionVisible>
	</model>
	<model>
		<editorOnly>
			<hidden>	false	</hidden>
			<frozen>	false	</frozen>
			<castsShadow>	true	</castsShadow>
		</editorOnly>
		<metaData>
			<created_by>	adamm	</created_by>
			<created_on>	1299548157	</created_on>
			<modified_by>	adamm	</modified_by>
			<modified_on>	1299548259	</modified_on>
		</metaData>
		<resource>	sets/temperate/props/keep/models/keep_lod0_p1.model	</resource>
		<transform>
			<row0>	-0.562682 0.000001 -0.826671	</row0>
			<row1>	0.000002 0.999999 0.000000	</row1>
			<row2>	0.826671 -0.000002 -0.562682	</row2>
			<row3>	49.618835 226.921356 42.061661	</row3>
		</transform>
		<reflectionVisible>	false	</reflectionVisible>
	</model>
	<model>
		<editorOnly>
			<hidden>	false	</hidden>
			<frozen>	false	</frozen>
			<castsShadow>	true	</castsShadow>
		</editorOnly>
		<metaData>
			<created_by>	adamm	</created_by>
			<created_on>	1299548157	</created_on>
			<modified_by>	adamm	</modified_by>
			<modified_on>	1299548259	</modified_on>
		</metaData>
		<resource>	sets/temperate/props/keep/models/keep_lod0_p5.model	</resource>
		<transform>
			<row0>	-0.562682 0.000001 -0.826671	</row0>
			<row1>	0.000002 0.999999 0.000000	</row1>
			<row2>	0.826671 -0.000002 -0.562682	</row2>
			<row3>	53.105347 223.966492 111.197388	</row3>
		</transform>
		<reflectionVisible>	false	</reflectionVisible>
	</model>
	<model>
		<editorOnly>
			<hidden>	false	</hidden>
			<frozen>	false	</frozen>
			<castsShadow>	false	</castsShadow>
		</editorOnly>
		<metaData>
			<created_by>	adamm	</created_by>
			<created_on>	1299554385	</created_on>
			<modified_by>	adamm	</modified_by>
			<modified_on>	1299554402	</modified_on>
		</metaData>
		<resource>	sets/temperate/props/fd_fence_stone.model	</resource>
		<transform>
			<row0>	0.202886 0.000000 -0.979201	</row0>
			<row1>	0.000000 0.999999 0.000000	</row1>
			<row2>	0.979201 0.000000 0.202886	</row2>
			<row3>	50.051331 228.042114 36.613419	</row3>
		</transform>
		<reflectionVisible>	false	</reflectionVisible>
	</model>
	<model>
		<editorOnly>
			<hidden>	false	</hidden>
			<frozen>	false	</frozen>
			<castsShadow>	true	</castsShadow>
		</editorOnly>
		<metaData>
			<created_by>	adamm	</created_by>
			<created_on>	1299554385	</created_on>
			<modified_by>	adamm	</modified_by>
			<modified_on>	1299554402	</modified_on>
		</metaData>
		<resource>	sets/temperate/props/fd_fence_stone.model	</resource>
		<transform>
			<row0>	-0.979201 0.000000 -0.202886	</row0>
			<row1>	0.000000 0.999999 0.000000	</row1>
			<row2>	0.202886 0.000000 -0.979201	</row2>
			<row3>	45.505005 227.987427 39.572784	</row3>
		</transform>
		<reflectionVisible>	false	</reflectionVisible>
	</model>
	<model>
		<editorOnly>
			<hidden>	false	</hidden>
			<frozen>	false	</frozen>
			<castsShadow>	true	</castsShadow>
		</editorOnly>
		<metaData>
			<created_by>	adamm	</created_by>
			<created_on>	1299554385	</created_on>
			<modified_by>	adamm	</modified_by>
			<modified_on>	1299554402	</modified_on>
		</metaData>
		<resource>	sets/temperate/props/fd_fence_stone.model	</resource>
		<transform>
			<row0>	0.979201 0.000000 0.202886	</row0>
			<row1>	0.000000 0.999999 0.000000	</row1>
			<row2>	-0.202886 0.000000 0.979201	</row2>
			<row3>	53.012146 228.023560 41.167175	</row3>
		</transform>
		<reflectionVisible>	false	</reflectionVisible>
	</model>
	<model>
		<editorOnly>
			<hidden>	false	</hidden>
			<frozen>	false	</frozen>
			<castsShadow>	true	</castsShadow>
		</editorOnly>
		<metaData>
			<created_by>	adamm	</created_by>
			<created_on>	1299554385	</created_on>
			<modified_by>	adamm	</modified_by>
			<modified_on>	1299554402	</modified_on>
		</metaData>
		<resource>	sets/temperate/props/fd_fence_stone.model	</resource>
		<transform>
			<row0>	-0.202886 0.000000 0.979201	</row0>
			<row1>	0.000000 0.999999 0.000000	</row1>
			<row2>	-0.979201 0.000000 -0.202886	</row2>
			<row3>	48.430054 227.902466 44.148712	</row3>
		</transform>
		<reflectionVisible>	false	</reflectionVisible>
	</model>
	<model>
		<editorOnly>
			<hidden>	false	</hidden>
			<frozen>	false	</frozen>
			<castsShadow>	true	</castsShadow>
		</editorOnly>
		<metaData>
			<created_by>	adamm	</created_by>
			<created_on>	1299554385	</created_on>
			<modified_by>	adamm	</modified_by>
			<modified_on>	1299554402	</modified_on>
		</metaData>
		<resource>	sets/temperate/props/fd_village_statue.model	</resource>
		<transform>
			<row0>	-0.180128 0.000000 0.983642	</row0>
			<row1>	0.000000 0.999999 0.000000	</row1>
			<row2>	-0.983642 0.000000 -0.180128	</row2>
			<row3>	48.614685 227.993286 40.177475	</row3>
		</transform>
		<reflectionVisible>	false	</reflectionVisible>
	</model>
	<model>
		<editorOnly>
			<hidden>	false	</hidden>
			<frozen>	false	</frozen>
			<castsShadow>	true	</castsShadow>
		</editorOnly>
		<metaData>
			<created_by>	adamm	</created_by>
			<created_on>	1299559774	</created_on>
			<modified_by>	adamm	</modified_by>
			<modified_on>	1299559837	</modified_on>
		</metaData>
		<resource>	sets/temperate/props/woodpile.model	</resource>
		<transform>
			<row0>	0.376182 -0.011626 0.448693	</row0>
			<row1>	0.001564 0.585472 0.013859	</row1>
			<row2>	-0.448841 -0.007702 0.376106	</row2>
			<row3>	30.250977 227.815002 62.322647	</row3>
		</transform>
		<reflectionVisible>	false	</reflectionVisible>
	</model>
	<model>
		<editorOnly>
			<hidden>	false	</hidden>
			<frozen>	false	</frozen>
			<castsShadow>	true	</castsShadow>
		</editorOnly>
		<metaData>
			<created_by>	adamm	</created_by>
			<created_on>	1299559775	</created_on>
			<modified_by>	adamm	</modified_by>
			<modified_on>	1299559837	</modified_on>
		</metaData>
		<resource>	sets/town/props/axe.model	</resource>
		<transform>
			<row0>	-0.845550 0.000000 -0.533893	</row0>
			<row1>	0.101552 0.981742 -0.160832	</row1>
			<row2>	0.524146 -0.190210 -0.830113	</row2>
			<row3>	36.213318 227.790405 63.279922	</row3>
		</transform>
		<reflectionVisible>	false	</reflectionVisible>
	</model>
	<model>
		<editorOnly>
			<hidden>	false	</hidden>
			<frozen>	false	</frozen>
			<castsShadow>	true	</castsShadow>
		</editorOnly>
		<metaData>
			<created_by>	adamm	</created_by>
			<created_on>	1299559775	</created_on>
			<modified_by>	adamm	</modified_by>
			<modified_on>	1299559837	</modified_on>
		</metaData>
		<resource>	sets/town/props/barrels/model/barrel.model	</resource>
		<transform>
			<row0>	0.732072 0.065293 -0.678090	</row0>
			<row1>	-0.039054 0.997780 0.053913	</row1>
			<row2>	0.680105 -0.012986 0.732998	</row2>
			<row3>	46.902954 228.737823 73.077095	</row3>
		</transform>
		<reflectionVisible>	false	</reflectionVisible>
	</model>
	<model>
		<editorOnly>
			<hidden>	false	</hidden>
			<frozen>	false	</frozen>
			<castsShadow>	true	</castsShadow>
		</editorOnly>
		<metaData>
			<created_by>	adamm	</created_by>
			<created_on>	1299559775	</created_on>
			<modified_by>	adamm	</modified_by>
			<modified_on>	1299559837	</modified_on>
		</metaData>
		<resource>	sets/town/props/barrels/model/barrel.model	</resource>
		<transform>
			<row0>	-0.883476 -0.067272 0.463618	</row0>
			<row1>	-0.071317 0.997412 0.008823	</row1>
			<row2>	-0.463013 -0.025269 -0.885990	</row2>
			<row3>	45.969116 228.656479 73.955826	</row3>
		</transform>
		<reflectionVisible>	false	</reflectionVisible>
	</model>
	<model>
		<editorOnly>
			<hidden>	false	</hidden>
			<frozen>	false	</frozen>
			<castsShadow>	true	</castsShadow>
		</editorOnly>
		<metaData>
			<created_by>	adamm	</created_by>
			<created_on>	1299559775	</created_on>
			<modified_by>	adamm	</modified_by>
			<modified_on>	1299559837	</modified_on>
		</metaData>
		<resource>	sets/town/props/cart/model/cart.model	</resource>
		<transform>
			<row0>	-0.678556 0.000000 -0.734546	</row0>
			<row1>	-0.226846 0.951117 0.209555	</row1>
			<row2>	0.698640 0.308825 -0.645388	</row2>
			<row3>	46.435059 227.968750 73.212685	</row3>
		</transform>
		<reflectionVisible>	false	</reflectionVisible>
	</model>
	<model>
		<editorOnly>
			<hidden>	false	</hidden>
			<frozen>	false	</frozen>
			<castsShadow>	true	</castsShadow>
		</editorOnly>
		<metaData>
			<created_by>	adamm	</created_by>
			<created_on>	1299559775	</created_on>
			<modified_by>	adamm	</modified_by>
			<modified_on>	1299559837	</modified_on>
		</metaData>
		<resource>	sets/town/props/barrels/model/barrel.model	</resource>
		<transform>
			<row0>	-0.883931 -0.058870 0.463895	</row0>
			<row1>	-0.036729 0.997717 0.056628	</row1>
			<row2>	-0.466170 0.033017 -0.884078	</row2>
			<row3>	46.115479 228.699112 73.180321	</row3>
		</transform>
		<reflectionVisible>	false	</reflectionVisible>
	</model>
	<model>
		<editorOnly>
			<hidden>	false	</hidden>
			<frozen>	false	</frozen>
			<castsShadow>	true	</castsShadow>
		</editorOnly>
		<metaData>
			<created_by>	adamm	</created_by>
			<created_on>	1299559775	</created_on>
			<modified_by>	adamm	</modified_by>
			<modified_on>	1299559837	</modified_on>
		</metaData>
		<resource>	sets/town/props/t_crate.model	</resource>
		<transform>
			<row0>	-0.813912 0.000406 0.751862	</row0>
			<row1>	0.017893 1.107746 0.018771	</row1>
			<row2>	-1.114669 0.038451 -1.206681	</row2>
			<row3>	47.873962 227.924850 71.835144	</row3>
		</transform>
		<reflectionVisible>	false	</reflectionVisible>
	</model>
	<model>
		<editorOnly>
			<hidden>	false	</hidden>
			<frozen>	false	</frozen>
			<castsShadow>	true	</castsShadow>
		</editorOnly>
		<metaData>
			<created_by>	adamm	</created_by>
			<created_on>	1299559775	</created_on>
			<modified_by>	adamm	</modified_by>
			<modified_on>	1299559837	</modified_on>
		</metaData>
		<resource>	sets/town/props/barrels/model/barrel.model	</resource>
		<transform>
			<row0>	0.734546 0.000000 -0.678557	</row0>
			<row1>	0.000000 0.999999 0.000000	</row1>
			<row2>	0.678557 0.000000 0.734546	</row2>
			<row3>	44.908936 227.933472 72.737968	</row3>
		</transform>
		<reflectionVisible>	false	</reflectionVisible>
	</model>
	<model>
		<editorOnly>
			<hidden>	false	</hidden>
			<frozen>	false	</frozen>
			<castsShadow>	true	</castsShadow>
		</editorOnly>
		<metaData>
			<created_by>	adamm	</created_by>
			<created_on>	1299559775	</created_on>
			<modified_by>	adamm	</modified_by>
			<modified_on>	1299559837	</modified_on>
		</metaData>
		<resource>	sets/town/props/barrels/model/barrel.model	</resource>
		<transform>
			<row0>	0.734634 0.005579 -0.678438	</row0>
			<row1>	0.010185 0.999761 0.019250	</row1>
			<row2>	0.678384 -0.021052 0.734403	</row2>
			<row3>	44.932861 227.951279 71.973740	</row3>
		</transform>
		<reflectionVisible>	false	</reflectionVisible>
	</model>
	<model>
		<editorOnly>
			<hidden>	false	</hidden>
			<frozen>	false	</frozen>
			<castsShadow>	true	</castsShadow>
		</editorOnly>
		<metaData>
			<created_by>	adamm	</created_by>
			<created_on>	1299559775	</created_on>
			<modified_by>	adamm	</modified_by>
			<modified_on>	1299559837	</modified_on>
		</metaData>
		<resource>	sets/town/props/barrels/model/barrel.model	</resource>
		<transform>
			<row0>	0.734546 0.000000 -0.678557	</row0>
			<row1>	0.000000 0.999999 0.000000	</row1>
			<row2>	0.678557 0.000000 0.734546	</row2>
			<row3>	44.256104 227.946777 72.145279	</row3>
		</transform>
		<reflectionVisible>	false	</reflectionVisible>
	</model>
	<model>
		<editorOnly>
			<hidden>	false	</hidden>
			<frozen>	false	</frozen>
			<castsShadow>	true	</castsShadow>
		</editorOnly>
		<metaData>
			<created_by>	adamm	</created_by>
			<created_on>	1299559775	</created_on>
			<modified_by>	adamm	</modified_by>
			<modified_on>	1299559837	</modified_on>
		</metaData>
		<resource>	sets/town/props/barrels/model/barrel.model	</resource>
		<transform>
			<row0>	0.734514 -0.005105 -0.678572	</row0>
			<row1>	0.012463 0.999903 0.005968	</row1>
			<row2>	0.678476 -0.012841 0.734508	</row2>
			<row3>	44.272461 227.964661 71.321304	</row3>
		</transform>
		<reflectionVisible>	false	</reflectionVisible>
	</model>
	<model>
		<editorOnly>
			<hidden>	false	</hidden>
			<frozen>	false	</frozen>
			<castsShadow>	true	</castsShadow>
		</editorOnly>
		<metaData>
			<created_by>	adamm	</created_by>
			<created_on>	1299559775	</created_on>
			<modified_by>	adamm	</modified_by>
			<modified_on>	1299559837	</modified_on>
		</metaData>
		<resource>	sets/town/props/t_candle.model	</resource>
		<transform>
			<row0>	-0.312481 -0.000003 -0.434367	</row0>
			<row1>	0.000021 0.535087 -0.000019	</row1>
			<row2>	0.434367 -0.000027 -0.312481	</row2>
			<row3>	44.239929 229.065598 71.247330	</row3>
		</transform>
		<reflectionVisible>	false	</reflectionVisible>
	</model>
	<model>
		<editorOnly>
			<hidden>	false	</hidden>
			<frozen>	false	</frozen>
			<castsShadow>	true	</castsShadow>
		</editorOnly>
		<metaData>
			<created_by>	adamm	</created_by>
			<created_on>	1299559775	</created_on>
			<modified_by>	adamm	</modified_by>
			<modified_on>	1299559837	</modified_on>
		</metaData>
		<resource>	sets/town/props/barrels/model/barrel.model	</resource>
		<transform>
			<row0>	0.734546 0.000000 -0.678557	</row0>
			<row1>	0.000000 0.999999 0.000000	</row1>
			<row2>	0.678557 0.000000 0.734546	</row2>
			<row3>	43.523987 227.973709 71.369644	</row3>
		</transform>
		<reflectionVisible>	false	</reflectionVisible>
	</model>
	<model>
		<editorOnly>
			<hidden>	false	</hidden>
			<frozen>	false	</frozen>
			<castsShadow>	true	</castsShadow>
		</editorOnly>
		<metaData>
			<created_by>	adamm	</created_by>
			<created_on>	1299559775	</created_on>
			<modified_by>	adamm	</modified_by>
			<modified_on>	1299559837	</modified_on>
		</metaData>
		<resource>	sets/town/props/barrels/model/barrel.model	</resource>
		<transform>
			<row0>	0.734546 0.000000 -0.678557	</row0>
			<row1>	0.000000 0.999999 0.000000	</row1>
			<row2>	0.678557 0.000000 0.734546	</row2>
			<row3>	42.981201 227.979324 70.718246	</row3>
		</transform>
		<reflectionVisible>	false	</reflectionVisible>
	</model>
	<model>
		<editorOnly>
			<hidden>	false	</hidden>
			<frozen>	false	</frozen>
			<castsShadow>	true	</castsShadow>
		</editorOnly>
		<metaData>
			<created_by>	adamm	</created_by>
			<created_on>	1299559775	</created_on>
			<modified_by>	adamm	</modified_by>
			<modified_on>	1299559837	</modified_on>
		</metaData>
		<resource>	sets/temperate/props/pot_large.model	</resource>
		<transform>
			<row0>	-0.222026 -0.006577 0.208257	</row0>
			<row1>	-0.008828 0.304356 0.000201	</row1>
			<row2>	-0.208174 -0.005892 -0.222125	</row2>
			<row3>	45.720886 227.947128 71.880875	</row3>
		</transform>
		<reflectionVisible>	false	</reflectionVisible>
	</model>
	<model>
		<editorOnly>
			<hidden>	false	</hidden>
			<frozen>	false	</frozen>
			<castsShadow>	true	</castsShadow>
		</editorOnly>
		<metaData>
			<created_by>	adamm	</created_by>
			<created_on>	1299559775	</created_on>
			<modified_by>	adamm	</modified_by>
			<modified_on>	1299560023	</modified_on>
		</metaData>
		<resource>	sets/town/props/market_stall/models/market_crate.model	</resource>
		<transform>
			<row0>	-0.739824 0.007691 -0.672754	</row0>
			<row1>	-0.002051 0.999903 0.013686	</row1>
			<row2>	0.672794 0.011505 -0.739737	</row2>
			<row3>	40.676941 228.963165 69.059128	</row3>
		</transform>
		<reflectionVisible>	false	</reflectionVisible>
	</model>
	<model>
		<editorOnly>
			<hidden>	false	</hidden>
			<frozen>	false	</frozen>
			<castsShadow>	true	</castsShadow>
		</editorOnly>
		<metaData>
			<created_by>	adamm	</created_by>
			<created_on>	1299559775	</created_on>
			<modified_by>	adamm	</modified_by>
			<modified_on>	1299560023	</modified_on>
		</metaData>
		<resource>	sets/town/props/market_stall/models/market_pumpkin.model	</resource>
		<transform>
			<row0>	-0.224595 -0.013785 -0.708063	</row0>
			<row1>	0.042426 0.741222 -0.027888	</row1>
			<row2>	0.694603 -0.048012 -0.219391	</row2>
			<row3>	40.628418 229.189636 68.958908	</row3>
		</transform>
		<reflectionVisible>	false	</reflectionVisible>
	</model>
	<model>
		<editorOnly>
			<hidden>	false	</hidden>
			<frozen>	false	</frozen>
			<castsShadow>	true	</castsShadow>
		</editorOnly>
		<metaData>
			<created_by>	adamm	</created_by>
			<created_on>	1299559775	</created_on>
			<modified_by>	adamm	</modified_by>
			<modified_on>	1299560023	</modified_on>
		</metaData>
		<resource>	sets/town/props/market_stall/models/market_pumpkin.model	</resource>
		<transform>
			<row0>	0.707176 -0.007280 0.643120	</row0>
			<row1>	0.208246 0.906946 -0.218721	</row1>
			<row2>	-0.608514 0.301913 0.672542	</row2>
			<row3>	40.703430 229.062775 69.250107	</row3>
		</transform>
		<reflectionVisible>	false	</reflectionVisible>
	</model>
	<model>
		<editorOnly>
			<hidden>	false	</hidden>
			<frozen>	false	</frozen>
			<castsShadow>	true	</castsShadow>
		</editorOnly>
		<metaData>
			<created_by>	adamm	</created_by>
			<created_on>	1299559775	</created_on>
			<modified_by>	adamm	</modified_by>
			<modified_on>	1299560023	</modified_on>
		</metaData>
		<resource>	sets/town/props/market_stall/models/market_pumpkin.model	</resource>
		<transform>
			<row0>	0.784135 -0.006869 0.404420	</row0>
			<row1>	0.078472 0.868006 -0.137408	</row1>
			<row2>	-0.389878 0.155332 0.758577	</row2>
			<row3>	40.549744 228.975754 68.991257	</row3>
		</transform>
		<reflectionVisible>	false	</reflectionVisible>
	</model>
	<model>
		<editorOnly>
			<hidden>	false	</hidden>
			<frozen>	false	</frozen>
			<castsShadow>	true	</castsShadow>
		</editorOnly>
		<metaData>
			<created_by>	adamm	</created_by>
			<created_on>	1299559775	</created_on>
			<modified_by>	adamm	</modified_by>
			<modified_on>	1299560023	</modified_on>
		</metaData>
		<resource>	sets/town/props/market_stall/models/market_apple.model	</resource>
		<transform>
			<row0>	0.879482 0.456936 -0.133075	</row0>
			<row1>	-0.303817 0.754274 0.582027	</row1>
			<row2>	0.366325 -0.471455 0.802201	</row2>
			<row3>	40.367798 229.147491 68.458359	</row3>
		</transform>
		<reflectionVisible>	false	</reflectionVisible>
	</model>
	<model>
		<editorOnly>
			<hidden>	false	</hidden>
			<frozen>	false	</frozen>
			<castsShadow>	true	</castsShadow>
		</editorOnly>
		<metaData>
			<created_by>	adamm	</created_by>
			<created_on>	1299559775	</created_on>
			<modified_by>	adamm	</modified_by>
			<modified_on>	1299560023	</modified_on>
		</metaData>
		<resource>	sets/town/props/market_stall/models/market_apple.model	</resource>
		<transform>
			<row0>	0.896383 0.070940 0.437558	</row0>
			<row1>	-0.176109 0.962854 0.204673	</row1>
			<row2>	-0.406788 -0.260523 0.875582	</row2>
			<row3>	40.149109 229.040085 68.742294	</row3>
		</transform>
		<reflectionVisible>	false	</reflectionVisible>
	</model>
	<model>
		<editorOnly>
			<hidden>	false	</hidden>
			<frozen>	false	</frozen>
			<castsShadow>	true	</castsShadow>
		</editorOnly>
		<metaData>
			<created_by>	adamm	</created_by>
			<created_on>	1299559775	</created_on>
			<modified_by>	adamm	</modified_by>
			<modified_on>	1299560023	</modified_on>
		</metaData>
		<resource>	sets/town/props/market_stall/models/market_apple.model	</resource>
		<transform>
			<row0>	-0.993630 0.011640 -0.112044	</row0>
			<row1>	-0.050736 0.841805 0.537385	</row1>
			<row2>	0.100576 0.539649 -0.835856	</row2>
			<row3>	39.957275 229.046738 68.591965	</row3>
		</transform>
		<reflectionVisible>	false	</reflectionVisible>
	</model>
	<model>
		<editorOnly>
			<hidden>	false	</hidden>
			<frozen>	false	</frozen>
			<castsShadow>	true	</castsShadow>
		</editorOnly>
		<metaData>
			<created_by>	adamm	</created_by>
			<created_on>	1299559775	</created_on>
			<modified_by>	adamm	</modified_by>
			<modified_on>	1299560023	</modified_on>
		</metaData>
		<resource>	sets/town/props/market_stall/models/market_apple.model	</resource>
		<transform>
			<row0>	-0.428447 0.332507 -0.840156	</row0>
			<row1>	0.333151 0.922447 0.195182	</row1>
			<row2>	0.839903 -0.196275 -0.505996	</row2>
			<row3>	39.903625 229.056290 68.390610	</row3>
		</transform>
		<reflectionVisible>	false	</reflectionVisible>
	</model>
	<model>
		<editorOnly>
			<hidden>	false	</hidden>
			<frozen>	false	</frozen>
			<castsShadow>	true	</castsShadow>
		</editorOnly>
		<metaData>
			<created_by>	adamm	</created_by>
			<created_on>	1299559775	</created_on>
			<modified_by>	adamm	</modified_by>
			<modified_on>	1299560023	</modified_on>
		</metaData>
		<resource>	sets/town/props/market_stall/models/market_apple.model	</resource>
		<transform>
			<row0>	0.715987 0.456937 0.527789	</row0>
			<row1>	-0.626387 0.754275 0.196724	</row1>
			<row2>	-0.308210 -0.471456 0.826274	</row2>
			<row3>	39.859192 229.056076 68.501755	</row3>
		</transform>
		<reflectionVisible>	false	</reflectionVisible>
	</model>
	<model>
		<editorOnly>
			<hidden>	false	</hidden>
			<frozen>	false	</frozen>
			<castsShadow>	true	</castsShadow>
		</editorOnly>
		<metaData>
			<created_by>	adamm	</created_by>
			<created_on>	1299559775	</created_on>
			<modified_by>	adamm	</modified_by>
			<modified_on>	1299560023	</modified_on>
		</metaData>
		<resource>	sets/town/props/market_stall/models/market_stall.model	</resource>
		<transform>
			<row0>	0.739824 0.007691 0.672754	</row0>
			<row1>	0.002051 0.999903 -0.013686	</row1>
			<row2>	-0.672795 0.011505 0.739738	</row2>
			<row3>	40.593567 227.951157 67.786179	</row3>
		</transform>
		<reflectionVisible>	false	</reflectionVisible>
	</model>
	<model>
		<editorOnly>
			<hidden>	false	</hidden>
			<frozen>	false	</frozen>
			<castsShadow>	true	</castsShadow>
		</editorOnly>
		<metaData>
			<created_by>	adamm	</created_by>
			<created_on>	1299559775	</created_on>
			<modified_by>	adamm	</modified_by>
			<modified_on>	1299560023	</modified_on>
		</metaData>
		<resource>	sets/town/props/market_stall/models/market_applecover.model	</resource>
		<transform>
			<row0>	-0.739824 0.007691 -0.672754	</row0>
			<row1>	-0.002051 0.999903 0.013686	</row1>
			<row2>	0.672794 0.011505 -0.739737	</row2>
			<row3>	40.077454 229.067932 68.447922	</row3>
		</transform>
		<reflectionVisible>	false	</reflectionVisible>
	</model>
	<model>
		<editorOnly>
			<hidden>	false	</hidden>
			<frozen>	false	</frozen>
			<castsShadow>	true	</castsShadow>
		</editorOnly>
		<metaData>
			<created_by>	adamm	</created_by>
			<created_on>	1299559775	</created_on>
			<modified_by>	adamm	</modified_by>
			<modified_on>	1299560023	</modified_on>
		</metaData>
		<resource>	sets/town/props/market_stall/models/market_crate.model	</resource>
		<transform>
			<row0>	-0.739824 -0.007692 -0.672754	</row0>
			<row1>	0.002051 0.999903 -0.013688	</row1>
			<row2>	0.672794 -0.011507 -0.739737	</row2>
			<row3>	40.074463 228.956085 68.445786	</row3>
		</transform>
		<reflectionVisible>	false	</reflectionVisible>
	</model>
	<model>
		<editorOnly>
			<hidden>	false	</hidden>
			<frozen>	false	</frozen>
			<castsShadow>	true	</castsShadow>
		</editorOnly>
		<metaData>
			<created_by>	adamm	</created_by>
			<created_on>	1299559775	</created_on>
			<modified_by>	adamm	</modified_by>
			<modified_on>	1299560023	</modified_on>
		</metaData>
		<resource>	sets/town/props/t_basket.model	</resource>
		<transform>
			<row0>	0.739806 0.010259 0.672738	</row0>
			<row1>	-0.011888 0.999925 -0.002176	</row1>
			<row2>	-0.672712 -0.006387 0.739874	</row2>
			<row3>	39.467041 228.940231 67.865036	</row3>
		</transform>
		<reflectionVisible>	false	</reflectionVisible>
	</model>
	<model>
		<editorOnly>
			<hidden>	false	</hidden>
			<frozen>	false	</frozen>
			<castsShadow>	true	</castsShadow>
		</editorOnly>
		<metaData>
			<created_by>	adamm	</created_by>
			<created_on>	1299559775	</created_on>
			<modified_by>	adamm	</modified_by>
			<modified_on>	1299560023	</modified_on>
		</metaData>
		<resource>	sets/temperate/props/mushrooms/mushroom05_cluster.model	</resource>
		<transform>
			<row0>	0.739806 0.010259 0.672738	</row0>
			<row1>	-0.051696 0.997793 0.041634	</row1>
			<row2>	-0.670828 -0.065580 0.738706	</row2>
			<row3>	39.320557 228.963318 67.680832	</row3>
		</transform>
		<reflectionVisible>	false	</reflectionVisible>
	</model>
	<model>
		<editorOnly>
			<hidden>	false	</hidden>
			<frozen>	false	</frozen>
			<castsShadow>	true	</castsShadow>
		</editorOnly>
		<metaData>
			<created_by>	adamm	</created_by>
			<created_on>	1299559775	</created_on>
			<modified_by>	adamm	</modified_by>
			<modified_on>	1299560023	</modified_on>
		</metaData>
		<resource>	sets/temperate/props/mushrooms/mushroom04_single.model	</resource>
		<transform>
			<row0>	0.826970 0.436141 0.354821	</row0>
			<row1>	-0.538770 0.434275 0.721890	</row1>
			<row2>	0.160757 -0.788151 0.594114	</row2>
			<row3>	39.675293 229.003799 68.008163	</row3>
		</transform>
		<reflectionVisible>	false	</reflectionVisible>
	</model>
	<model>
		<editorOnly>
			<hidden>	false	</hidden>
			<frozen>	false	</frozen>
			<castsShadow>	true	</castsShadow>
		</editorOnly>
		<metaData>
			<created_by>	adamm	</created_by>
			<created_on>	1299559775	</created_on>
			<modified_by>	adamm	</modified_by>
			<modified_on>	1299560023	</modified_on>
		</metaData>
		<resource>	sets/temperate/props/mushrooms/mushroom01_cluster.model	</resource>
		<transform>
			<row0>	0.739806 0.010254 0.672738	</row0>
			<row1>	-0.011887 0.999926 -0.002169	</row1>
			<row2>	-0.672711 -0.006393 0.739875	</row2>
			<row3>	39.549866 228.940582 67.551987	</row3>
		</transform>
		<reflectionVisible>	false	</reflectionVisible>
	</model>
	<model>
		<editorOnly>
			<hidden>	false	</hidden>
			<frozen>	false	</frozen>
			<castsShadow>	true	</castsShadow>
		</editorOnly>
		<metaData>
			<created_by>	adamm	</created_by>
			<created_on>	1299559775	</created_on>
			<modified_by>	adamm	</modified_by>
			<modified_on>	1299560023	</modified_on>
		</metaData>
		<resource>	sets/temperate/props/mushrooms/mushroom03_single.model	</resource>
		<transform>
			<row0>	0.998816 0.010279 -0.047512	</row0>
			<row1>	0.034179 0.546508 0.836754	</row1>
			<row2>	0.034566 -0.837388 0.545510	</row2>
			<row3>	39.464050 228.936264 67.814987	</row3>
		</transform>
		<reflectionVisible>	false	</reflectionVisible>
	</model>
	<model>
		<editorOnly>
			<hidden>	false	</hidden>
			<frozen>	false	</frozen>
			<castsShadow>	true	</castsShadow>
		</editorOnly>
		<metaData>
			<created_by>	adamm	</created_by>
			<created_on>	1299559775	</created_on>
			<modified_by>	adamm	</modified_by>
			<modified_on>	1299560023	</modified_on>
		</metaData>
		<resource>	sets/temperate/props/mushrooms/mushroom04_single.model	</resource>
		<transform>
			<row0>	0.738188 0.010391 0.674512	</row0>
			<row1>	-0.491679 0.692873 0.527422	</row1>
			<row2>	-0.461871 -0.720981 0.516580	</row2>
			<row3>	39.428894 228.937271 67.856918	</row3>
		</transform>
		<reflectionVisible>	false	</reflectionVisible>
	</model>
	<model>
		<editorOnly>
			<hidden>	false	</hidden>
			<frozen>	false	</frozen>
			<castsShadow>	true	</castsShadow>
		</editorOnly>
		<metaData>
			<created_by>	adamm	</created_by>
			<created_on>	1299559775	</created_on>
			<modified_by>	adamm	</modified_by>
			<modified_on>	1299560145	</modified_on>
		</metaData>
		<resource>	sets/town/props/barrels/model/barrel.model	</resource>
		<transform>
			<row0>	0.463894 -0.058870 0.883931	</row0>
			<row1>	0.056628 0.997716 0.036729	</row1>
			<row2>	-0.884077 0.033017 0.466170	</row2>
			<row3>	54.574524 228.741257 73.926216	</row3>
		</transform>
		<reflectionVisible>	false	</reflectionVisible>
	</model>
	<model>
		<editorOnly>
			<hidden>	false	</hidden>
			<frozen>	false	</frozen>
			<castsShadow>	true	</castsShadow>
		</editorOnly>
		<metaData>
			<created_by>	adamm	</created_by>
			<created_on>	1299559775	</created_on>
			<modified_by>	adamm	</modified_by>
			<modified_on>	1299560145	</modified_on>
		</metaData>
		<resource>	sets/town/props/barrels/model/barrel.model	</resource>
		<transform>
			<row0>	0.463618 -0.067272 0.883475	</row0>
			<row1>	0.008823 0.997412 0.071317	</row1>
			<row2>	-0.885989 -0.025269 0.463012	</row2>
			<row3>	55.349976 228.698624 74.072594	</row3>
		</transform>
		<reflectionVisible>	false	</reflectionVisible>
	</model>
	<model>
		<editorOnly>
			<hidden>	false	</hidden>
			<frozen>	false	</frozen>
			<castsShadow>	true	</castsShadow>
		</editorOnly>
		<metaData>
			<created_by>	adamm	</created_by>
			<created_on>	1299559775	</created_on>
			<modified_by>	adamm	</modified_by>
			<modified_on>	1299560145	</modified_on>
		</metaData>
		<resource>	sets/town/props/barrels/model/barrel.model	</resource>
		<transform>
			<row0>	0.728358 0.028199 -0.684614	</row0>
			<row1>	-0.010302 0.999489 0.030209	</row1>
			<row2>	0.685117 -0.014951 0.728277	</row2>
			<row3>	56.655640 228.003952 75.119957	</row3>
		</transform>
		<reflectionVisible>	false	</reflectionVisible>
	</model>
	<model>
		<editorOnly>
			<hidden>	false	</hidden>
			<frozen>	false	</frozen>
			<castsShadow>	true	</castsShadow>
		</editorOnly>
		<metaData>
			<created_by>	adamm	</created_by>
			<created_on>	1299559775	</created_on>
			<modified_by>	adamm	</modified_by>
			<modified_on>	1299560145	</modified_on>
		</metaData>
		<resource>	sets/town/props/cart/model/cart.model	</resource>
		<transform>
			<row0>	-0.734545 0.000000 0.678556	</row0>
			<row1>	0.209555 0.951117 0.226846	</row1>
			<row2>	-0.645387 0.308824 -0.698640	</row2>
			<row3>	54.606812 228.010895 73.606590	</row3>
		</transform>
		<reflectionVisible>	false	</reflectionVisible>
	</model>
	<model>
		<editorOnly>
			<hidden>	false	</hidden>
			<frozen>	false	</frozen>
			<castsShadow>	true	</castsShadow>
		</editorOnly>
		<metaData>
			<created_by>	adamm	</created_by>
			<created_on>	1299559775	</created_on>
			<modified_by>	adamm	</modified_by>
			<modified_on>	1299560145	</modified_on>
		</metaData>
		<resource>	sets/town/props/keg/model/keg.model	</resource>
		<transform>
			<row0>	-0.734607 -0.000202 0.678488	</row0>
			<row1>	-0.000334 0.999996 -0.000066	</row1>
			<row2>	-0.678488 -0.000274 -0.734607	</row2>
			<row3>	53.185974 228.671799 72.102257	</row3>
		</transform>
		<reflectionVisible>	false	</reflectionVisible>
	</model>
	<model>
		<editorOnly>
			<hidden>	false	</hidden>
			<frozen>	false	</frozen>
			<castsShadow>	true	</castsShadow>
		</editorOnly>
		<metaData>
			<created_by>	adamm	</created_by>
			<created_on>	1299559775	</created_on>
			<modified_by>	adamm	</modified_by>
			<modified_on>	1299560145	</modified_on>
		</metaData>
		<resource>	sets/town/props/t_crate.model	</resource>
		<transform>
			<row0>	0.751861 0.000406 0.813911	</row0>
			<row1>	0.018771 1.107744 -0.017893	</row1>
			<row2>	-1.206679 0.038451 1.114667	</row2>
			<row3>	53.229187 227.966995 72.167747	</row3>
		</transform>
		<reflectionVisible>	false	</reflectionVisible>
	</model>
	<model>
		<editorOnly>
			<hidden>	false	</hidden>
			<frozen>	false	</frozen>
			<castsShadow>	true	</castsShadow>
		</editorOnly>
		<metaData>
			<created_by>	adamm	</created_by>
			<created_on>	1299559775	</created_on>
			<modified_by>	adamm	</modified_by>
			<modified_on>	1299560145	</modified_on>
		</metaData>
		<resource>	sets/town/props/barrels/model/barrel_apples.model	</resource>
		<transform>
			<row0>	0.496383 -0.004593 -0.868088	</row0>
			<row1>	-0.026528 0.999435 -0.020457	</row1>
			<row2>	0.867695 0.033182 0.495983	</row2>
			<row3>	54.358337 227.991989 71.836609	</row3>
		</transform>
		<reflectionVisible>	false	</reflectionVisible>
	</model>
	<model>
		<editorOnly>
			<hidden>	false	</hidden>
			<frozen>	false	</frozen>
			<castsShadow>	true	</castsShadow>
		</editorOnly>
		<metaData>
			<created_by>	adamm	</created_by>
			<created_on>	1299559775	</created_on>
			<modified_by>	adamm	</modified_by>
			<modified_on>	1299560145	</modified_on>
		</metaData>
		<resource>	sets/town/props/wheel_barrow/model/wheel_barrow_full.model	</resource>
		<transform>
			<row0>	0.533823 -0.015912 -0.845443	</row0>
			<row1>	-0.036322 0.998467 -0.041726	</row1>
			<row2>	0.844813 0.052983 0.532428	</row2>
			<row3>	54.584595 227.978775 70.790894	</row3>
		</transform>
		<reflectionVisible>	false	</reflectionVisible>
	</model>
	<model>
		<editorOnly>
			<hidden>	false	</hidden>
			<frozen>	false	</frozen>
			<castsShadow>	true	</castsShadow>
		</editorOnly>
		<metaData>
			<created_by>	adamm	</created_by>
			<created_on>	1299559775	</created_on>
			<modified_by>	adamm	</modified_by>
			<modified_on>	1299560145	</modified_on>
		</metaData>
		<resource>	sets/town/props/barrels/model/barrel_apples.model	</resource>
		<transform>
			<row0>	0.534105 -0.013029 -0.845315	</row0>
			<row1>	-0.014963 0.999575 -0.024860	</row1>
			<row2>	0.845281 0.025925 0.533685	</row2>
			<row3>	53.814941 227.963181 71.268036	</row3>
		</transform>
		<reflectionVisible>	false	</reflectionVisible>
	</model>
	<model>
		<editorOnly>
			<hidden>	false	</hidden>
			<frozen>	false	</frozen>
			<castsShadow>	true	</castsShadow>
		</editorOnly>
		<metaData>
			<created_by>	adamm	</created_by>
			<created_on>	1299559775	</created_on>
			<modified_by>	adamm	</modified_by>
			<modified_on>	1299560203	</modified_on>
		</metaData>
		<resource>	flora/corn/corn_4_tris.model	</resource>
		<transform>
			<row0>	0.565632 -0.236865 -0.789903	</row0>
			<row1>	0.801458 0.383472 0.458917	</row1>
			<row2>	0.194207 -0.892657 0.406743	</row2>
			<row3>	67.662598 228.612488 62.012024	</row3>
		</transform>
		<reflectionVisible>	false	</reflectionVisible>
	</model>
	<model>
		<editorOnly>
			<hidden>	false	</hidden>
			<frozen>	false	</frozen>
			<castsShadow>	true	</castsShadow>
		</editorOnly>
		<metaData>
			<created_by>	adamm	</created_by>
			<created_on>	1299559775	</created_on>
			<modified_by>	adamm	</modified_by>
			<modified_on>	1299560203	</modified_on>
		</metaData>
		<resource>	flora/corn/corn_4_tris.model	</resource>
		<transform>
			<row0>	0.565632 -0.236865 -0.789903	</row0>
			<row1>	0.801458 0.383472 0.458917	</row1>
			<row2>	0.194207 -0.892657 0.406743	</row2>
			<row3>	67.544556 228.865097 61.620590	</row3>
		</transform>
		<reflectionVisible>	false	</reflectionVisible>
	</model>
	<model>
		<editorOnly>
			<hidden>	false	</hidden>
			<frozen>	false	</frozen>
			<castsShadow>	true	</castsShadow>
		</editorOnly>
		<metaData>
			<created_by>	adamm	</created_by>
			<created_on>	1299559775	</created_on>
			<modified_by>	adamm	</modified_by>
			<modified_on>	1299560203	</modified_on>
		</metaData>
		<resource>	flora/corn/corn_4_tris.model	</resource>
		<transform>
			<row0>	0.320004 -0.923254 0.212584	</row0>
			<row1>	0.801456 0.383459 0.458929	</row1>
			<row2>	-0.505226 0.023518 0.862661	</row2>
			<row3>	67.328308 228.691254 62.066788	</row3>
		</transform>
		<reflectionVisible>	false	</reflectionVisible>
	</model>
	<model>
		<editorOnly>
			<hidden>	false	</hidden>
			<frozen>	false	</frozen>
			<castsShadow>	true	</castsShadow>
		</editorOnly>
		<metaData>
			<created_by>	adamm	</created_by>
			<created_on>	1299559775	</created_on>
			<modified_by>	adamm	</modified_by>
			<modified_on>	1299560203	</modified_on>
		</metaData>
		<resource>	flora/corn/corn_4_tris.model	</resource>
		<transform>
			<row0>	0.565632 -0.236865 -0.789903	</row0>
			<row1>	0.801458 0.383472 0.458917	</row1>
			<row2>	0.194207 -0.892657 0.406743	</row2>
			<row3>	67.399475 228.618530 61.926010	</row3>
		</transform>
		<reflectionVisible>	false	</reflectionVisible>
	</model>
	<model>
		<editorOnly>
			<hidden>	false	</hidden>
			<frozen>	false	</frozen>
			<castsShadow>	true	</castsShadow>
		</editorOnly>
		<metaData>
			<created_by>	adamm	</created_by>
			<created_on>	1299559775	</created_on>
			<modified_by>	adamm	</modified_by>
			<modified_on>	1299560203	</modified_on>
		</metaData>
		<resource>	flora/corn/corn_4_tris.model	</resource>
		<transform>
			<row0>	0.565632 -0.236865 -0.789903	</row0>
			<row1>	0.801458 0.383472 0.458917	</row1>
			<row2>	0.194207 -0.892657 0.406743	</row2>
			<row3>	67.281372 228.871140 61.534592	</row3>
		</transform>
		<reflectionVisible>	false	</reflectionVisible>
	</model>
	<model>
		<editorOnly>
			<hidden>	false	</hidden>
			<frozen>	false	</frozen>
			<castsShadow>	true	</castsShadow>
		</editorOnly>
		<metaData>
			<created_by>	adamm	</created_by>
			<created_on>	1299559775	</created_on>
			<modified_by>	adamm	</modified_by>
			<modified_on>	1299560203	</modified_on>
		</metaData>
		<resource>	flora/corn/corn_4_tris.model	</resource>
		<transform>
			<row0>	0.320004 -0.923254 0.212584	</row0>
			<row1>	0.801456 0.383459 0.458929	</row1>
			<row2>	-0.505226 0.023518 0.862661	</row2>
			<row3>	67.210205 228.943863 61.675369	</row3>
		</transform>
		<reflectionVisible>	false	</reflectionVisible>
	</model>
	<model>
		<editorOnly>
			<hidden>	false	</hidden>
			<frozen>	false	</frozen>
			<castsShadow>	true	</castsShadow>
		</editorOnly>
		<metaData>
			<created_by>	adamm	</created_by>
			<created_on>	1299559775	</created_on>
			<modified_by>	adamm	</modified_by>
			<modified_on>	1299560203	</modified_on>
		</metaData>
		<resource>	flora/corn/corn_4_tris.model	</resource>
		<transform>
			<row0>	-0.324613 0.923424 -0.204711	</row0>
			<row1>	0.801466 0.383472 0.458903	</row1>
			<row2>	0.502264 -0.015103 -0.864576	</row2>
			<row3>	67.474915 228.584930 61.745102	</row3>
		</transform>
		<reflectionVisible>	false	</reflectionVisible>
	</model>
	<model>
		<editorOnly>
			<hidden>	false	</hidden>
			<frozen>	false	</frozen>
			<castsShadow>	true	</castsShadow>
		</editorOnly>
		<metaData>
			<created_by>	adamm	</created_by>
			<created_on>	1299559775	</created_on>
			<modified_by>	adamm	</modified_by>
			<modified_on>	1299560203	</modified_on>
		</metaData>
		<resource>	sets/town/props/cart/model/cart.model	</resource>
		<transform>
			<row0>	-0.533892 0.000000 0.845549	</row0>
			<row1>	0.000000 0.999997 0.000000	</row1>
			<row2>	-0.845549 0.000000 -0.533892	</row2>
			<row3>	68.257019 228.011703 62.187302	</row3>
		</transform>
		<reflectionVisible>	false	</reflectionVisible>
	</model>
	<model>
		<editorOnly>
