<root>
	<shell>
		<resource>	sets/temperate/shells/teleport_room/teleport_room.model	</resource>
		<transform>
			<row0>	1.000000 0.000000 0.000000	</row0>
			<row1>	0.000000 1.000000 0.000000	</row1>
			<row2>	0.000000 0.000000 1.000000	</row2>
			<row3>	0.000000 0.000000 0.000000	</row3>
		</transform>
		<editorOnly>
			<castsShadow>	true	</castsShadow>
			<hidden>	false	</hidden>
			<frozen>	false	</frozen>
		</editorOnly>
		<reflectionVisible>	true	</reflectionVisible>
		<metaData />
		<castsShadow>	true	</castsShadow>
		<staticLighting>
			<offset>	0	</offset>
			<size>	236896	</size>
		</staticLighting>
	</shell>
	<omniLight>
		<colour>	140.000000 203.000153 255.000000	</colour>
		<position>	0.140167 9.680069 9.522660	</position>
		<innerRadius>	3.625122	</innerRadius>
		<outerRadius>	8.151049	</outerRadius>
		<dynamic>	false	</dynamic>
		<static>	true	</static>
		<specular>	false	</specular>
		<multiplier>	1.000000	</multiplier>
	</omniLight>
	<model>
		<resource>	sets/dungeon/props/flameplane.model	</resource>
		<transform>
			<row0>	-0.394234 0.007113 0.058241	</row0>
			<row1>	0.004627 0.398178 -0.017295	</row1>
			<row2>	-0.058489 -0.016431 -0.393918	</row2>
			<row3>	0.066864 4.535751 16.349855	</row3>
		</transform>
		<editorOnly>
			<castsShadow>	true	</castsShadow>
			<hidden>	false	</hidden>
			<frozen>	false	</frozen>
		</editorOnly>
		<reflectionVisible>	false	</reflectionVisible>
		<metaData />
		<castsShadow>	true	</castsShadow>
		<staticLighting>
			<offset>	236896	</offset>
			<size>	36	</size>
		</staticLighting>
	</model>
	<model>
		<resource>	sets/dungeon/props/flameplane.model	</resource>
		<transform>
			<row0>	-0.393929 -0.015698 0.058621	</row0>
			<row1>	-0.015271 0.398267 0.004047	</row1>
			<row2>	-0.058732 0.001753 -0.394221	</row2>
			<row3>	4.872650 4.558517 14.412889	</row3>
		</transform>
		<editorOnly>
			<castsShadow>	true	</castsShadow>
			<hidden>	false	</hidden>
			<frozen>	false	</frozen>
		</editorOnly>
		<reflectionVisible>	false	</reflectionVisible>
		<metaData />
		<castsShadow>	true	</castsShadow>
		<staticLighting>
			<offset>	236932	</offset>
			<size>	36	</size>
		</staticLighting>
	</model>
	<model>
		<resource>	sets/dungeon/props/flameplane.model	</resource>
		<transform>
			<row0>	-0.396023 0.001787 0.059324	</row0>
			<row1>	0.004098 0.400132 0.015309	</row1>
			<row2>	-0.059209 0.015747 -0.395731	</row2>
			<row3>	-4.855286 4.558563 14.441026	</row3>
		</transform>
		<editorOnly>
			<castsShadow>	true	</castsShadow>
			<hidden>	false	</hidden>
			<frozen>	false	</frozen>
		</editorOnly>
		<reflectionVisible>	false	</reflectionVisible>
		<metaData />
		<castsShadow>	true	</castsShadow>
		<staticLighting>
			<offset>	236968	</offset>
			<size>	36	</size>
		</staticLighting>
	</model>
	<particles>
		<resource>	particles/fire_shimmer_smoke_embers.xml	</resource>
		<transform>
			<row0>	-0.998986 -0.044947 0.001987	</row0>
			<row1>	-0.044947 0.998990 -0.000002	</row1>
			<row2>	-0.001985 -0.000091 -0.999997	</row2>
			<row3>	7.103668 4.534561 9.699205	</row3>
		</transform>
		<reflectionVisible>	false	</reflectionVisible>
	</particles>
	<model>
		<resource>	sets/dungeon/props/flameplane.model	</resource>
		<transform>
			<row0>	-0.394128 0.005764 0.059098	</row0>
			<row1>	0.007871 0.398268 0.013660	</row1>
			<row2>	-0.058852 0.014674 -0.393934	</row2>
			<row3>	7.006073 4.558990 9.658953	</row3>
		</transform>
		<editorOnly>
			<castsShadow>	true	</castsShadow>
			<hidden>	false	</hidden>
			<frozen>	false	</frozen>
		</editorOnly>
		<reflectionVisible>	false	</reflectionVisible>
		<metaData />
		<castsShadow>	true	</castsShadow>
		<staticLighting>
			<offset>	237004	</offset>
			<size>	36	</size>
		</staticLighting>
	</model>
	<particles>
		<resource>	particles/fire_shimmer_smoke_embers.xml	</resource>
		<transform>
			<row0>	-0.998825 -0.048399 0.001843	</row0>
			<row1>	-0.048077 0.995362 0.083333	</row1>
			<row2>	-0.005868 0.083147 -0.996519	</row2>
			<row3>	7.024017 4.570160 3.371675	</row3>
		</transform>
		<reflectionVisible>	false	</reflectionVisible>
	</particles>
	<model>
		<resource>	sets/dungeon/props/flameplane.model	</resource>
		<transform>
			<row0>	-0.393832 -0.017721 0.058695	</row0>
			<row1>	-0.017918 0.398177 -0.000000	</row1>
			<row2>	-0.058634 -0.002639 -0.394231	</row2>
			<row3>	6.934235 4.561783 3.391649	</row3>
		</transform>
		<editorOnly>
			<castsShadow>	true	</castsShadow>
			<hidden>	false	</hidden>
			<frozen>	false	</frozen>
		</editorOnly>
		<reflectionVisible>	false	</reflectionVisible>
		<metaData />
		<castsShadow>	true	</castsShadow>
		<staticLighting>
			<offset>	237040	</offset>
			<size>	36	</size>
		</staticLighting>
	</model>
	<model>
		<resource>	sets/dungeon/props/flameplane.model	</resource>
		<transform>
			<row0>	-0.394254 0.005813 0.058247	</row0>
			<row1>	0.007894 0.398266 0.013701	</row1>
			<row2>	-0.057999 0.014705 -0.394059	</row2>
			<row3>	6.987885 4.484665 -2.855314	</row3>
		</transform>
		<editorOnly>
			<castsShadow>	true	</castsShadow>
			<hidden>	false	</hidden>
			<frozen>	false	</frozen>
		</editorOnly>
		<reflectionVisible>	false	</reflectionVisible>
		<metaData />
		<castsShadow>	true	</castsShadow>
		<staticLighting>
			<offset>	237076	</offset>
			<size>	36	</size>
		</staticLighting>
	</model>
	<model>
		<resource>	sets/dungeon/props/flameplane.model	</resource>
		<transform>
			<row0>	-0.319737 0.012672 0.048154	</row0>
			<row1>	0.012815 0.323338 0.000000	</row1>
			<row2>	-0.048116 0.001907 -0.319988	</row2>
			<row3>	-6.961914 4.495102 -2.874221	</row3>
		</transform>
		<editorOnly>
			<castsShadow>	true	</castsShadow>
			<hidden>	false	</hidden>
			<frozen>	false	</frozen>
		</editorOnly>
		<reflectionVisible>	false	</reflectionVisible>
		<metaData />
		<castsShadow>	true	</castsShadow>
		<staticLighting>
			<offset>	237112	</offset>
			<size>	36	</size>
		</staticLighting>
	</model>
	<model>
		<resource>	sets/dungeon/props/web02.model	</resource>
		<transform>
			<row0>	1.000000 0.000000 0.000001	</row0>
			<row1>	0.000000 0.939546 -0.342421	</row1>
			<row2>	-0.000001 0.342421 0.939546	</row2>
			<row3>	5.168030 -0.178452 -15.183317	</row3>
		</transform>
		<editorOnly>
			<castsShadow>	true	</castsShadow>
			<hidden>	false	</hidden>
			<frozen>	false	</frozen>
		</editorOnly>
		<reflectionVisible>	false	</reflectionVisible>
		<metaData />
		<castsShadow>	true	</castsShadow>
		<staticLighting>
			<offset>	237148	</offset>
			<size>	16	</size>
		</staticLighting>
	</model>
	<model>
		<resource>	sets/dungeon/props/web03.model	</resource>
		<transform>
			<row0>	0.976785 -0.000001 -0.214215	</row0>
			<row1>	0.000000 0.999999 0.000000	</row1>
			<row2>	0.214215 0.000000 0.976786	</row2>
			<row3>	4.165894 -0.178421 -14.825010	</row3>
		</transform>
		<editorOnly>
			<castsShadow>	true	</castsShadow>
			<hidden>	false	</hidden>
			<frozen>	false	</frozen>
		</editorOnly>
		<reflectionVisible>	false	</reflectionVisible>
		<metaData />
		<castsShadow>	true	</castsShadow>
		<staticLighting>
			<offset>	237164	</offset>
			<size>	16	</size>
		</staticLighting>
	</model>
	<model>
		<resource>	sets/dungeon/props/web02.model	</resource>
		<transform>
			<row0>	0.226540 0.756846 -0.613075	</row0>
			<row1>	-0.960030 0.067288 -0.271677	</row1>
			<row2>	-0.164366 0.650118 0.741840	</row2>
			<row3>	1.764404 -0.301712 -14.581923	</row3>
		</transform>
		<editorOnly>
			<castsShadow>	true	</castsShadow>
			<hidden>	false	</hidden>
			<frozen>	false	</frozen>
		</editorOnly>
		<reflectionVisible>	false	</reflectionVisible>
		<metaData />
		<castsShadow>	true	</castsShadow>
		<staticLighting>
			<offset>	237180	</offset>
			<size>	16	</size>
		</staticLighting>
	</model>
	<model>
		<resource>	sets/dungeon/props/web02.model	</resource>
		<transform>
			<row0>	0.866029 0.000006 0.499992	</row0>
			<row1>	0.298911 0.801615 -0.517750	</row1>
			<row2>	-0.400804 0.597840 0.694220	</row2>
			<row3>	2.633179 -0.315720 -14.114180	</row3>
		</transform>
		<editorOnly>
			<castsShadow>	true	</castsShadow>
			<hidden>	false	</hidden>
			<frozen>	false	</frozen>
		</editorOnly>
		<reflectionVisible>	false	</reflectionVisible>
		<metaData />
		<castsShadow>	true	</castsShadow>
		<staticLighting>
			<offset>	237196	</offset>
			<size>	16	</size>
		</staticLighting>
	</model>
	<model>
		<resource>	sets/dungeon/props/web02.model	</resource>
		<transform>
			<row0>	0.999999 0.000006 -0.000009	</row0>
			<row1>	-0.000011 0.801614 -0.597839	</row1>
			<row2>	0.000003 0.597839 0.801613	</row2>
			<row3>	8.280090 0.324905 -14.133650	</row3>
		</transform>
		<editorOnly>
			<castsShadow>	true	</castsShadow>
			<hidden>	false	</hidden>
			<frozen>	false	</frozen>
		</editorOnly>
		<reflectionVisible>	false	</reflectionVisible>
		<metaData />
		<castsShadow>	true	</castsShadow>
		<staticLighting>
			<offset>	237212	</offset>
			<size>	16	</size>
		</staticLighting>
	</model>
	<model>
		<resource>	sets/dungeon/props/web02.model	</resource>
		<transform>
			<row0>	0.037131 0.386323 -0.921613	</row0>
			<row1>	-0.997504 0.069717 -0.010965	</row1>
			<row2>	0.060016 0.919722 0.387948	</row2>
			<row3>	3.501038 0.178482 -14.328947	</row3>
		</transform>
		<editorOnly>
			<castsShadow>	true	</castsShadow>
			<hidden>	false	</hidden>
			<frozen>	false	</frozen>
		</editorOnly>
		<reflectionVisible>	false	</reflectionVisible>
		<metaData />
		<castsShadow>	true	</castsShadow>
		<staticLighting>
			<offset>	237228	</offset>
			<size>	16	</size>
		</staticLighting>
	</model>
	<model>
		<resource>	sets/dungeon/props/web03.model	</resource>
		<transform>
			<row0>	0.313074 -0.945746 -0.086873	</row0>
			<row1>	0.929127 0.323948 -0.178265	</row1>
			<row2>	0.196736 -0.024906 0.980139	</row2>
			<row3>	3.745178 1.282120 -15.260695	</row3>
		</transform>
		<editorOnly>
			<castsShadow>	true	</castsShadow>
			<hidden>	false	</hidden>
			<frozen>	false	</frozen>
		</editorOnly>
		<reflectionVisible>	false	</reflectionVisible>
		<metaData />
		<castsShadow>	true	</castsShadow>
		<staticLighting>
			<offset>	237244	</offset>
			<size>	16	</size>
		</staticLighting>
	</model>
	<model>
		<resource>	sets/dungeon/props/web03.model	</resource>
		<transform>
			<row0>	-0.676013 -0.730382 0.097706	</row0>
			<row1>	0.142843 0.000192 0.989745	</row1>
			<row2>	-0.722911 0.683037 0.104201	</row2>
			<row3>	7.832611 0.349945 -2.218809	</row3>
		</transform>
		<editorOnly>
			<castsShadow>	true	</castsShadow>
			<hidden>	false	</hidden>
			<frozen>	false	</frozen>
		</editorOnly>
		<reflectionVisible>	false	</reflectionVisible>
		<metaData />
		<castsShadow>	true	</castsShadow>
		<staticLighting>
			<offset>	237260	</offset>
			<size>	16	</size>
		</staticLighting>
	</model>
	<model>
		<resource>	sets/dungeon/props/web03.model	</resource>
		<transform>
			<row0>	-0.676013 -0.730382 0.097706	</row0>
			<row1>	0.142843 0.000192 0.989745	</row1>
			<row2>	-0.722911 0.683037 0.104201	</row2>
			<row3>	7.999725 0.467026 -1.061766	</row3>
		</transform>
		<editorOnly>
			<castsShadow>	true	</castsShadow>
			<hidden>	false	</hidden>
			<frozen>	false	</frozen>
		</editorOnly>
		<reflectionVisible>	false	</reflectionVisible>
		<metaData />
		<castsShadow>	true	</castsShadow>
		<staticLighting>
			<offset>	237276	</offset>
			<size>	16	</size>
		</staticLighting>
	</model>
	<particles>
		<resource>	particles/fire_shimmer_smoke_embers.xml	</resource>
		<transform>
			<row0>	-0.999040 -0.043726 0.002011	</row0>
			<row1>	-0.043744 0.998991 -0.010177	</row1>
			<row2>	-0.001564 -0.010254 -0.999945	</row2>
			<row3>	7.622925 4.533539 -14.225447	</row3>
		</transform>
		<reflectionVisible>	false	</reflectionVisible>
	</particles>
	<omniLight>
		<colour>	255.000000 236.000229 176.000000	</colour>
		<position>	3.998383 3.830414 -13.731031	</position>
		<innerRadius>	7.289682	</innerRadius>
		<outerRadius>	11.013034	</outerRadius>
		<dynamic>	true	</dynamic>
		<static>	false	</static>
		<specular>	true	</specular>
		<multiplier>	1.500000	</multiplier>
	</omniLight>
	<flare>
		<resource>	environments/fx/corona.xml	</resource>
		<position>	7.529663 4.850052 -14.186277	</position>
		<colour>	255.000000 128.000000 0.000000	</colour>
	</flare>
	<particles>
		<resource>	particles/fire_shimmer_smoke_embers.xml	</resource>
		<transform>
			<row0>	-0.998821 -0.048483 0.001836	</row0>
			<row1>	-0.048161 0.995351 0.083411	</row1>
			<row2>	-0.005872 0.083225 -0.996512	</row2>
			<row3>	7.027740 4.544830 -9.221861	</row3>
		</transform>
		<reflectionVisible>	false	</reflectionVisible>
	</particles>
	<flare>
		<resource>	environments/fx/corona.xml	</resource>
		<position>	3.136383 4.834473 -13.685392	</position>
		<colour>	255.000000 128.000000 64.000000	</colour>
	</flare>
	<flare>
		<resource>	environments/fx/corona.xml	</resource>
		<position>	6.985382 4.814743 -9.234495	</position>
		<colour>	255.000000 128.000000 64.000000	</colour>
	</flare>
	<particles>
		<resource>	particles/fire_shimmer_smoke_embers.xml	</resource>
		<transform>
			<row0>	-0.998836 -0.048174 0.001862	</row0>
			<row1>	-0.047854 0.995409 0.082901	</row1>
			<row2>	-0.005847 0.082716 -0.996555	</row2>
			<row3>	7.097870 4.471771 -2.831541	</row3>
		</transform>
		<reflectionVisible>	false	</reflectionVisible>
	</particles>
	<omniLight>
		<colour>	255.000000 236.000168 176.000000	</colour>
		<position>	6.915497 4.626556 3.393984	</position>
		<innerRadius>	2.304600	</innerRadius>
		<outerRadius>	3.883827	</outerRadius>
		<dynamic>	false	</dynamic>
		<static>	true	</static>
		<specular>	false	</specular>
		<multiplier>	1.000000	</multiplier>
	</omniLight>
	<particles>
		<resource>	particles/fire_shimmer_smoke_embers.xml	</resource>
		<transform>
			<row0>	-0.998757 0.049797 -0.002154	</row0>
			<row1>	0.049797 0.995028 -0.086255	</row1>
			<row2>	-0.002152 -0.086255 -0.996271	</row2>
			<row3>	-7.004333 4.467529 9.705186	</row3>
		</transform>
		<reflectionVisible>	false	</reflectionVisible>
	</particles>
	<particles>
		<resource>	particles/fire_shimmer_smoke_embers.xml	</resource>
		<transform>
			<row0>	-0.999926 -0.011760 0.002707	</row0>
			<row1>	-0.011631 0.998993 0.043347	</row1>
			<row2>	-0.003214 0.043312 -0.999056	</row2>
			<row3>	4.943024 4.535385 14.438295	</row3>
		</transform>
		<reflectionVisible>	false	</reflectionVisible>
	</particles>
	<flare>
		<resource>	environments/fx/corona.xml	</resource>
		<position>	4.869476 4.583603 14.433489	</position>
		<colour>	255.000000 128.000000 64.000000	</colour>
	</flare>
	<omniLight>
		<colour>	255.000000 236.000183 176.000000	</colour>
		<position>	-6.981750 4.481049 9.688416	</position>
		<innerRadius>	3.622046	</innerRadius>
		<outerRadius>	6.167192	</outerRadius>
		<dynamic>	false	</dynamic>
		<static>	true	</static>
		<specular>	false	</specular>
		<multiplier>	1.600000	</multiplier>
	</omniLight>
	<flare>
		<resource>	environments/fx/corona.xml	</resource>
		<position>	6.951569 4.775787 3.413424	</position>
		<colour>	255.000000 128.000000 64.000000	</colour>
	</flare>
	<omniLight>
		<colour>	255.000000 236.000168 176.000000	</colour>
		<position>	4.927521 4.546234 14.542299	</position>
		<innerRadius>	2.588041	</innerRadius>
		<outerRadius>	3.883827	</outerRadius>
		<dynamic>	false	</dynamic>
		<static>	true	</static>
		<specular>	false	</specular>
		<multiplier>	1.000000	</multiplier>
	</omniLight>
	<flare>
		<resource>	environments/fx/corona.xml	</resource>
		<position>	7.002289 4.788147 9.693789	</position>
		<colour>	255.000000 128.000000 64.000000	</colour>
	</flare>
	<spotLight>
		<colour>	255.000000 254.000168 217.000168	</colour>
		<position>	0.126373 12.106903 9.577058	</position>
		<direction>	0.211226 -0.977240 0.019626	</direction>
		<innerRadius>	13.766567	</innerRadius>
		<outerRadius>	20.000000	</outerRadius>
		<cosConeAngle>	0.967359	</cosConeAngle>
		<dynamic>	true	</dynamic>
		<static>	true	</static>
		<specular>	true	</specular>
		<multiplier>	2.400000	</multiplier>
		<editorOnly>
			<version>	2.000000	</version>
		</editorOnly>
	</spotLight>
	<flare>
		<resource>	environments/fx/corona.xml	</resource>
		<position>	0.161896 12.088196 9.486390	</position>
		<colour>	183.000000 189.000000 236.000015	</colour>
	</flare>
	<flare>
		<resource>	environments/fx/streak.xml	</resource>
		<position>	0.092560 12.103867 9.501420	</position>
		<colour>	62.000000 80.000000 202.000000	</colour>
	</flare>
	<particles>
		<resource>	particles/p_room_ghost_magnets.xml	</resource>
		<transform>
			<row0>	-0.999999 0.000000 -0.000001	</row0>
			<row1>	0.000000 0.999999 0.000000	</row1>
			<row2>	0.000001 0.000000 -0.999999	</row2>
			<row3>	0.038605 12.057938 9.541520	</row3>
		</transform>
		<reflectionVisible>	false	</reflectionVisible>
	</particles>
	<model>
		<resource>	sets/dungeon/props/web02.model	</resource>
		<transform>
			<row0>	1.000000 0.000000 0.000001	</row0>
			<row1>	0.000000 0.939546 -0.342421	</row1>
			<row2>	-0.000001 0.342421 0.939546	</row2>
			<row3>	-6.762238 -0.015488 -15.204345	</row3>
		</transform>
		<editorOnly>
			<castsShadow>	true	</castsShadow>
			<hidden>	false	</hidden>
			<frozen>	false	</frozen>
		</editorOnly>
		<reflectionVisible>	false	</reflectionVisible>
		<metaData />
		<castsShadow>	true	</castsShadow>
		<staticLighting>
			<offset>	237292	</offset>
			<size>	16	</size>
		</staticLighting>
	</model>
	<omniLight>
		<colour>	255.000000 236.000244 176.000000	</colour>
		<position>	-7.248596 3.661102 -2.429443	</position>
		<innerRadius>	7.289682	</innerRadius>
		<outerRadius>	12.021607	</outerRadius>
		<dynamic>	true	</dynamic>
		<static>	false	</static>
		<specular>	true	</specular>
		<multiplier>	1.500000	</multiplier>
	</omniLight>
	<particles>
		<resource>	particles/fire_shimmer_smoke_embers.xml	</resource>
		<transform>
			<row0>	-0.999803 0.019854 0.000339	</row0>
			<row1>	0.019854 0.999215 0.034273	</row1>
			<row2>	0.000341 0.034273 -0.999412	</row2>
			<row3>	-6.960327 4.558380 -2.914169	</row3>
		</transform>
		<reflectionVisible>	false	</reflectionVisible>
	</particles>
	<omniLight>
		<colour>	255.000000 236.000198 176.000000	</colour>
		<position>	-6.803040 4.556290 -2.991927	</position>
		<innerRadius>	2.783658	</innerRadius>
		<outerRadius>	6.793422	</outerRadius>
		<dynamic>	false	</dynamic>
		<static>	true	</static>
		<specular>	false	</specular>
		<multiplier>	1.000000	</multiplier>
	</omniLight>
	<flare>
		<resource>	environments/fx/corona.xml	</resource>
		<position>	-6.956360 4.694290 -2.857787	</position>
		<colour>	255.000000 128.000000 64.000000	</colour>
	</flare>
	<particles>
		<resource>	particles/fire_shimmer_smoke_embers.xml	</resource>
		<transform>
			<row0>	-0.999931 -0.011567 0.001834	</row0>
			<row1>	-0.011636 0.998993 -0.043341	</row1>
			<row2>	-0.001331 -0.043359 -0.999059	</row2>
			<row3>	-4.866272 4.534134 14.465501	</row3>
		</transform>
		<reflectionVisible>	false	</reflectionVisible>
	</particles>
	<flare>
		<resource>	environments/fx/corona.xml	</resource>
		<position>	-6.944275 4.790894 3.339204	</position>
		<colour>	255.000000 128.000000 64.000000	</colour>
	</flare>
	<particles>
		<resource>	particles/fire_shimmer_smoke_embers.xml	</resource>
		<transform>
			<row0>	-0.999493 -0.031699 0.002591	</row0>
			<row1>	-0.031765 0.998991 -0.031760	</row1>
			<row2>	-0.001582 -0.031826 -0.999492	</row2>
			<row3>	0.092804 4.534149 16.449511	</row3>
		</transform>
		<reflectionVisible>	false	</reflectionVisible>
	</particles>
	<omniLight>
		<colour>	255.000000 236.000168 176.000000	</colour>
		<position>	0.070099 4.536530 16.368731	</position>
		<innerRadius>	1.983503	</innerRadius>
		<outerRadius>	6.259163	</outerRadius>
		<dynamic>	false	</dynamic>
		<static>	true	</static>
		<specular>	false	</specular>
		<multiplier>	1.000000	</multiplier>
	</omniLight>
	<omniLight>
		<colour>	255.000000 236.000183 176.000000	</colour>
		<position>	-4.829163 4.559097 14.461976	</position>
		<innerRadius>	1.960546	</innerRadius>
		<outerRadius>	3.883827	</outerRadius>
		<dynamic>	false	</dynamic>
		<static>	true	</static>
		<specular>	false	</specular>
		<multiplier>	1.700000	</multiplier>
	</omniLight>
	<flare>
		<resource>	environments/fx/corona.xml	</resource>
		<position>	-4.820251 4.764771 14.409379	</position>
		<colour>	255.000000 128.000000 64.000000	</colour>
	</flare>
	<flare>
		<resource>	environments/fx/corona.xml	</resource>
		<position>	0.107269 4.645370 16.457018	</position>
		<colour>	255.000000 128.000000 64.000000	</colour>
	</flare>
	<model>
		<resource>	sets/dungeon/props/web03.model	</resource>
		<transform>
			<row0>	1.000000 -0.000041 0.000040	</row0>
			<row1>	0.000021 0.913490 0.406860	</row1>
			<row2>	-0.000053 -0.406860 0.913490	</row2>
			<row3>	-4.313263 6.781082 -15.136703	</row3>
		</transform>
		<editorOnly>
			<castsShadow>	true	</castsShadow>
			<hidden>	false	</hidden>
			<frozen>	false	</frozen>
		</editorOnly>
		<reflectionVisible>	false	</reflectionVisible>
		<metaData />
		<castsShadow>	true	</castsShadow>
		<staticLighting>
			<offset>	237308	</offset>
			<size>	16	</size>
		</staticLighting>
	</model>
	<model>
		<resource>	sets/dungeon/props/web03.model	</resource>
		<transform>
			<row0>	0.313074 -0.945746 -0.086873	</row0>
			<row1>	0.929127 0.323948 -0.178265	</row1>
			<row2>	0.196736 -0.024906 0.980139	</row2>
			<row3>	-8.184967 1.445023 -15.281737	</row3>
		</transform>
		<editorOnly>
			<castsShadow>	true	</castsShadow>
			<hidden>	false	</hidden>
			<frozen>	false	</frozen>
		</editorOnly>
		<reflectionVisible>	false	</reflectionVisible>
		<metaData />
		<castsShadow>	true	</castsShadow>
		<staticLighting>
			<offset>	237324	</offset>
			<size>	16	</size>
		</staticLighting>
	</model>
	<model>
		<resource>	sets/dungeon/props/web03.model	</resource>
		<transform>
			<row0>	0.976785 -0.000001 -0.214215	</row0>
			<row1>	0.000000 0.999999 0.000000	</row1>
			<row2>	0.214215 0.000000 0.976786	</row2>
			<row3>	-7.764465 -0.015488 -14.846053	</row3>
		</transform>
		<editorOnly>
			<castsShadow>	true	</castsShadow>
			<hidden>	false	</hidden>
			<frozen>	false	</frozen>
		</editorOnly>
		<reflectionVisible>	false	</reflectionVisible>
		<metaData />
		<castsShadow>	true	</castsShadow>
		<staticLighting>
			<offset>	237340	</offset>
			<size>	16	</size>
		</staticLighting>
	</model>
	<model>
		<resource>	sets/dungeon/props/web02.model	</resource>
		<transform>
			<row0>	-0.408388 0.912801 -0.003433	</row0>
			<row1>	-0.766699 -0.340976 0.543974	</row1>
			<row2>	0.495369 0.224784 0.839094	</row2>
			<row3>	-7.481964 0.164200 -15.257857	</row3>
		</transform>
		<editorOnly>
			<castsShadow>	true	</castsShadow>
			<hidden>	false	</hidden>
			<frozen>	false	</frozen>
		</editorOnly>
		<reflectionVisible>	false	</reflectionVisible>
		<metaData />
		<castsShadow>	true	</castsShadow>
		<staticLighting>
			<offset>	237356	</offset>
			<size>	16	</size>
		</staticLighting>
	</model>
	<omniLight>
		<colour>	255.000000 237.000168 210.000168	</colour>
		<position>	-7.593628 4.574554 -14.226836	</position>
		<innerRadius>	1.959300	</innerRadius>
		<outerRadius>	8.370097	</outerRadius>
		<dynamic>	false	</dynamic>
		<static>	true	</static>
		<specular>	false	</specular>
		<multiplier>	2.000000	</multiplier>
	</omniLight>
	<particles>
		<resource>	particles/fire_shimmer_smoke_embers.xml	</resource>
		<transform>
			<row0>	-1.000000 0.000000 -0.000001	</row0>
			<row1>	0.000000 1.000000 0.000000	</row1>
			<row2>	0.000001 0.000000 -1.000000	</row2>
			<row3>	-7.516235 4.573898 -14.215133	</row3>
		</transform>
		<reflectionVisible>	false	</reflectionVisible>
	</particles>
	<flare>
		<resource>	environments/fx/corona.xml	</resource>
		<position>	-7.516846 4.822449 -14.198134	</position>
		<colour>	255.000000 128.000000 0.000000	</colour>
	</flare>
	<model>
		<resource>	sets/dungeon/props/flameplane.model	</resource>
		<transform>
			<row0>	-0.437305 0.011759 0.065538	</row0>
			<row1>	0.009436 0.441944 -0.016326	</row1>
			<row2>	-0.065911 -0.014741 -0.437158	</row2>
			<row3>	-6.973328 4.480667 9.682694	</row3>
		</transform>
		<editorOnly>
			<castsShadow>	true	</castsShadow>
			<hidden>	false	</hidden>
			<frozen>	false	</frozen>
		</editorOnly>
		<reflectionVisible>	false	</reflectionVisible>
		<metaData />
		<castsShadow>	true	</castsShadow>
		<staticLighting>
			<offset>	237372	</offset>
			<size>	36	</size>
		</staticLighting>
	</model>
	<particles>
		<resource>	particles/ghosts3_p_room.xml	</resource>
		<transform>
			<row0>	0.993468 0.000000 -0.114084	</row0>
			<row1>	0.000000 0.999997 0.000000	</row1>
			<row2>	0.114084 0.000000 0.993468	</row2>
			<row3>	-1.725677 2.014206 9.615342	</row3>
		</transform>
		<reflectionVisible>	false	</reflectionVisible>
	</particles>
	<particles>
		<resource>	particles/p_room_dragonfire.xml	</resource>
		<transform>
			<row0>	0.982956 0.000000 -0.183832	</row0>
			<row1>	0.000000 0.999999 0.000000	</row1>
			<row2>	0.183832 0.000000 0.982956	</row2>
			<row3>	-1.636627 2.089737 9.567994	</row3>
		</transform>
		<reflectionVisible>	false	</reflectionVisible>
	</particles>
	<particles>
		<resource>	particles/ghosts3_p_room.xml	</resource>
		<transform>
			<row0>	0.364781 0.000000 -0.931092	</row0>
			<row1>	0.000000 0.999997 0.000000	</row1>
			<row2>	0.931092 0.000000 0.364781	</row2>
			<row3>	0.084198 1.976837 11.343583	</row3>
		</transform>
		<reflectionVisible>	false	</reflectionVisible>
	</particles>
	<particles>
		<resource>	particles/p_room_dragonfire.xml	</resource>
		<transform>
			<row0>	-0.019508 0.000000 -0.999808	</row0>
			<row1>	0.000000 0.999999 0.000000	</row1>
			<row2>	0.999808 0.000000 -0.019508	</row2>
			<row3>	0.016754 2.106934 11.156526	</row3>
		</transform>
		<reflectionVisible>	false	</reflectionVisible>
	</particles>
	<model>
		<resource>	sets/town/props/t_candle.model	</resource>
		<transform>
			<row0>	-1.000000 0.000000 -0.000001	</row0>
			<row1>	0.000000 1.000000 0.000000	</row1>
			<row2>	0.000001 0.000000 -1.000000	</row2>
			<row3>	-6.955627 4.427856 3.336228	</row3>
		</transform>
		<editorOnly>
			<castsShadow>	true	</castsShadow>
			<hidden>	false	</hidden>
			<frozen>	false	</frozen>
		</editorOnly>
		<reflectionVisible>	false	</reflectionVisible>
		<metaData />
		<castsShadow>	true	</castsShadow>
	</model>
	<omniLight>
		<colour>	254.000198 239.000198 211.000198	</colour>
		<position>	-6.869690 4.811996 3.345505	</position>
		<innerRadius>	2.686079	</innerRadius>
		<outerRadius>	4.854331	</outerRadius>
		<dynamic>	false	</dynamic>
		<static>	true	</static>
		<specular>	false	</specular>
		<multiplier>	2.000000	</multiplier>
	</omniLight>
	<particles>
		<resource>	particles/p_room_bonfire.xml	</resource>
		<transform>
			<row0>	-1.000000 0.000000 -0.000001	</row0>
			<row1>	0.000000 1.000000 0.000000	</row1>
			<row2>	0.000001 0.000000 -1.000000	</row2>
			<row3>	0.044647 2.180405 9.595277	</row3>
		</transform>
		<reflectionVisible>	false	</reflectionVisible>
	</particles>
	<particles>
		<resource>	particles/p_room_dragonfire.xml	</resource>
		<transform>
			<row0>	0.079850 0.000000 0.996805	</row0>
			<row1>	0.000000 0.999999 0.000000	</row1>
			<row2>	-0.996805 0.000000 0.079850	</row2>
			<row3>	0.057404 2.088120 7.924913	</row3>
		</transform>
		<reflectionVisible>	false	</reflectionVisible>
	</particles>
	<particles>
		<resource>	particles/ghosts3_p_room.xml	</resource>
		<transform>
			<row0>	0.045644 0.000000 0.998957	</row0>
			<row1>	0.000000 0.999999 0.000000	</row1>
			<row2>	-0.998957 0.000000 0.045644	</row2>
			<row3>	0.030914 2.051575 7.870378	</row3>
		</transform>
		<reflectionVisible>	false	</reflectionVisible>
	</particles>
	<particles>
		<resource>	particles/p_room_dragonfire.xml	</resource>
		<transform>
			<row0>	-0.999999 0.000000 -0.000001	</row0>
			<row1>	0.000000 0.999999 0.000000	</row1>
			<row2>	0.000001 0.000000 -0.999999	</row2>
			<row3>	1.598785 2.118820 9.561373	</row3>
		</transform>
		<reflectionVisible>	false	</reflectionVisible>
	</particles>
	<model>
		<resource>	sets/dungeon/props/projector_light.model	</resource>
		<transform>
			<row0>	1.140960 0.146307 3.948162	</row0>
			<row1>	0.991217 -3.988667 -0.138639	</row1>
			<row2>	3.824511 0.990116 -1.141916	</row2>
			<row3>	0.253876 11.115326 9.783616	</row3>
		</transform>
		<editorOnly>
			<castsShadow>	true	</castsShadow>
			<hidden>	false	</hidden>
			<frozen>	false	</frozen>
		</editorOnly>
		<reflectionVisible>	false	</reflectionVisible>
		<metaData />
		<castsShadow>	true	</castsShadow>
		<staticLighting>
			<offset>	237408	</offset>
			<size>	48	</size>
		</staticLighting>
	</model>
	<particles>
		<resource>	particles/ghosts3_p_room.xml	</resource>
		<transform>
			<row0>	-0.999832 0.000000 0.018258	</row0>
			<row1>	0.000000 0.999998 0.000000	</row1>
			<row2>	-0.018258 0.000000 -0.999832	</row2>
			<row3>	1.802032 2.100449 9.575670	</row3>
		</transform>
		<reflectionVisible>	false	</reflectionVisible>
	</particles>
	<model>
		<resource>	sets/dungeon/props/projector_light.model	</resource>
		<transform>
			<row0>	3.771013 1.231986 2.060637	</row0>
			<row1>	1.388278 -4.249382 -0.000015	</row1>
			<row2>	1.958751 0.639942 -3.967155	</row2>
			<row3>	-0.227753 12.108047 9.696092	</row3>
		</transform>
		<editorOnly>
			<castsShadow>	true	</castsShadow>
			<hidden>	false	</hidden>
			<frozen>	false	</frozen>
		</editorOnly>
		<reflectionVisible>	false	</reflectionVisible>
		<metaData />
		<castsShadow>	true	</castsShadow>
		<staticLighting>
			<offset>	237456	</offset>
			<size>	48	</size>
		</staticLighting>
	</model>
	<model>
		<resource>	sets/dungeon/props/web03.model	</resource>
		<transform>
			<row0>	-0.284243 -0.269145 0.920197	</row0>
			<row1>	-0.687560 0.726126 -0.000001	</row1>
			<row2>	-0.668180 -0.632692 -0.391450	</row2>
			<row3>	-1.472351 0.422913 -16.399702	</row3>
		</transform>
		<editorOnly>
			<castsShadow>	true	</castsShadow>
			<hidden>	false	</hidden>
			<frozen>	false	</frozen>
		</editorOnly>
		<reflectionVisible>	false	</reflectionVisible>
		<metaData />
		<castsShadow>	true	</castsShadow>
		<staticLighting>
			<offset>	237504	</offset>
			<size>	16	</size>
		</staticLighting>
	</model>
	<model>
		<resource>	sets/dungeon/props/web03.model	</resource>
		<transform>
			<row0>	-0.315142 -0.805570 0.501733	</row0>
			<row1>	-0.846949 0.000190 -0.531669	</row1>
			<row2>	0.428203 -0.592495 -0.682338	</row2>
			<row3>	8.411804 0.464691 -14.443144	</row3>
		</transform>
		<editorOnly>
			<castsShadow>	true	</castsShadow>
			<hidden>	false	</hidden>
			<frozen>	false	</frozen>
		</editorOnly>
		<reflectionVisible>	false	</reflectionVisible>
		<metaData />
		<castsShadow>	true	</castsShadow>
		<staticLighting>
			<offset>	237520	</offset>
			<size>	16	</size>
		</staticLighting>
	</model>
	<model>
		<resource>	sets/dungeon/props/web03.model	</resource>
		<transform>
			<row0>	-0.586441 -0.805570 0.084482	</row0>
			<row1>	-0.142842 0.000190 -0.989743	</row1>
			<row2>	0.797293 -0.592495 -0.115180	</row2>
			<row3>	8.108032 0.494095 -14.893339	</row3>
		</transform>
		<editorOnly>
			<castsShadow>	true	</castsShadow>
			<hidden>	false	</hidden>
			<frozen>	false	</frozen>
		</editorOnly>
		<reflectionVisible>	false	</reflectionVisible>
		<metaData />
		<castsShadow>	true	</castsShadow>
		<staticLighting>
			<offset>	237536	</offset>
			<size>	16	</size>
		</staticLighting>
	</model>
	<model>
		<resource>	sets/dungeon/props/web03.model	</resource>
		<transform>
			<row0>	-0.075769 -0.805571 0.587632	</row0>
			<row1>	-0.991822 0.000190 -0.127624	</row1>
			<row2>	0.102699 -0.592496 -0.798998	</row2>
			<row3>	3.497925 0.391418 -14.575666	</row3>
		</transform>
		<editorOnly>
			<castsShadow>	true	</castsShadow>
			<hidden>	false	</hidden>
			<frozen>	false	</frozen>
		</editorOnly>
		<reflectionVisible>	false	</reflectionVisible>
		<metaData />
		<castsShadow>	true	</castsShadow>
		<staticLighting>
			<offset>	237552	</offset>
			<size>	16	</size>
		</staticLighting>
	</model>
	<model>
		<resource>	sets/dungeon/props/web03.model	</resource>
		<transform>
			<row0>	-0.070179 -0.805571 0.588325	</row0>
			<row1>	-0.992990 0.000190 -0.118190	</row1>
			<row2>	0.095099 -0.592496 -0.799938	</row2>
			<row3>	2.333191 0.420807 -15.065718	</row3>
		</transform>
		<editorOnly>
			<castsShadow>	true	</castsShadow>
			<hidden>	false	</hidden>
			<frozen>	false	</frozen>
		</editorOnly>
		<reflectionVisible>	false	</reflectionVisible>
		<metaData />
		<castsShadow>	true	</castsShadow>
		<staticLighting>
			<offset>	237568	</offset>
			<size>	16	</size>
		</staticLighting>
	</model>
	<model>
		<resource>	sets/dungeon/props/web03.model	</resource>
		<transform>
			<row0>	0.586443 -0.805572 -0.084482	</row0>
			<row1>	0.142842 0.000190 0.989745	</row1>
			<row2>	-0.797295 -0.592497 0.115181	</row2>
			<row3>	-8.432678 0.743912 -14.350402	</row3>
		</transform>
		<editorOnly>
			<castsShadow>	true	</castsShadow>
			<hidden>	false	</hidden>
			<frozen>	false	</frozen>
		</editorOnly>
		<reflectionVisible>	false	</reflectionVisible>
		<metaData />
		<castsShadow>	true	</castsShadow>
		<staticLighting>
			<offset>	237584	</offset>
			<size>	16	</size>
		</staticLighting>
	</model>
	<flare>
		<resource>	environments/fx/corona.xml	</resource>
		<position>	7.023224 4.732513 -2.847166	</position>
		<colour>	255.000000 128.000000 0.000000	</colour>
	</flare>
	<omniLight>
		<colour>	255.000000 236.000214 176.000000	</colour>
		<position>	6.984192 4.525391 -2.830687	</position>
		<innerRadius>	3.607944	</innerRadius>
		<outerRadius>	7.346158	</outerRadius>
		<dynamic>	false	</dynamic>
		<static>	true	</static>
		<specular>	false	</specular>
		<multiplier>	1.100000	</multiplier>
	</omniLight>
	<model>
		<resource>	sets/dungeon/props/flameplane.model	</resource>
		<transform>
			<row0>	-0.393921 -0.015610 0.058695	</row0>
			<row1>	-0.015784 0.398267 0.000000	</row1>
			<row2>	-0.058647 -0.002325 -0.394231	</row2>
			<row3>	7.012848 4.509308 -9.195328	</row3>
		</transform>
		<editorOnly>
			<castsShadow>	true	</castsShadow>
			<hidden>	false	</hidden>
			<frozen>	false	</frozen>
		</editorOnly>
		<reflectionVisible>	false	</reflectionVisible>
		<metaData />
		<castsShadow>	true	</castsShadow>
		<staticLighting>
			<offset>	237600	</offset>
			<size>	36	</size>
		</staticLighting>
	</model>
	<model>
		<resource>	sets/dungeon/props/flameplane.model	</resource>
		<transform>
			<row0>	-0.393854 0.016666 0.058859	</row0>
			<row1>	0.015514 0.398177 -0.008926	</row1>
			<row2>	-0.059172 -0.006529 -0.394106	</row2>
			<row3>	3.100677 4.486267 -13.805298	</row3>
		</transform>
		<editorOnly>
			<castsShadow>	true	</castsShadow>
			<hidden>	false	</hidden>
			<frozen>	false	</frozen>
		</editorOnly>
		<reflectionVisible>	false	</reflectionVisible>
		<metaData />
		<castsShadow>	true	</castsShadow>
		<staticLighting>
			<offset>	237636	</offset>
			<size>	36	</size>
		</staticLighting>
	</model>
	<model>
		<resource>	sets/dungeon/props/flameplane.model	</resource>
		<transform>
			<row0>	-0.393854 0.016654 0.058859	</row0>
			<row1>	0.017441 0.398177 0.004054	</row1>
			<row2>	-0.058629 0.006581 -0.394186	</row2>
			<row3>	7.592133 4.488159 -14.234299	</row3>
		</transform>
		<editorOnly>
			<castsShadow>	true	</castsShadow>
			<hidden>	false	</hidden>
			<frozen>	false	</frozen>
		</editorOnly>
		<reflectionVisible>	false	</reflectionVisible>
		<metaData />
		<castsShadow>	true	</castsShadow>
		<staticLighting>
			<offset>	237672	</offset>
			<size>	36	</size>
		</staticLighting>
	</model>
	<model>
		<resource>	sets/dungeon/props/flameplane.model	</resource>
		<transform>
			<row0>	-0.393925 0.014730 0.058900	</row0>
			<row1>	0.013716 0.398265 -0.007861	</row1>
			<row2>	-0.059143 -0.005743 -0.394123	</row2>
			<row3>	-3.231354 4.421616 -13.761673	</row3>
		</transform>
		<editorOnly>
			<castsShadow>	true	</castsShadow>
			<hidden>	false	</hidden>
			<frozen>	false	</frozen>
		</editorOnly>
		<reflectionVisible>	false	</reflectionVisible>
		<metaData />
		<castsShadow>	true	</castsShadow>
		<staticLighting>
			<offset>	237708	</offset>
			<size>	36	</size>
		</staticLighting>
	</model>
	<model>
		<resource>	sets/dungeon/props/flameplane.model	</resource>
		<transform>
			<row0>	-0.437993 0.009954 0.065430	</row0>
			<row1>	0.011971 0.442620 0.012804	</row1>
			<row2>	-0.065090 0.014428 -0.437919	</row2>
			<row3>	-7.543915 4.441147 -14.227356	</row3>
		</transform>
		<editorOnly>
			<castsShadow>	true	</castsShadow>
			<hidden>	false	</hidden>
			<frozen>	false	</frozen>
		</editorOnly>
		<reflectionVisible>	false	</reflectionVisible>
		<metaData />
		<castsShadow>	true	</castsShadow>
		<staticLighting>
			<offset>	237744	</offset>
			<size>	36	</size>
		</staticLighting>
	</model>
	<model>
		<resource>	sets/dungeon/props/web02.model	</resource>
		<transform>
			<row0>	0.258810 0.000006 -0.965927	</row0>
			<row1>	-0.577471 0.801614 -0.154722	</row1>
			<row2>	0.774300 0.597839 0.207470	</row2>
			<row3>	4.038849 0.202728 -14.775787	</row3>
		</transform>
		<editorOnly>
			<castsShadow>	true	</castsShadow>
			<hidden>	false	</hidden>
			<frozen>	false	</frozen>
		</editorOnly>
		<reflectionVisible>	false	</reflectionVisible>
		<metaData />
		<castsShadow>	true	</castsShadow>
		<staticLighting>
			<offset>	237780	</offset>
			<size>	16	</size>
		</staticLighting>
	</model>
	<omniLight>
		<colour>	255.000000 236.000183 176.000000	</colour>
		<position>	-3.218781 4.518051 -13.764908	</position>
		<innerRadius>	1.000000	</innerRadius>
		<outerRadius>	5.816881	</outerRadius>
		<dynamic>	false	</dynamic>
		<static>	true	</static>
		<specular>	false	</specular>
		<multiplier>	2.000000	</multiplier>
	</omniLight>
	<particles>
		<resource>	particles/fire_shimmer_smoke_embers.xml	</resource>
		<transform>
			<row0>	-0.999999 0.000000 -0.000001	</row0>
			<row1>	0.000000 0.999999 0.000000	</row1>
			<row2>	0.000001 0.000000 -0.999999	</row2>
			<row3>	-3.219513 4.534027 -13.733704	</row3>
		</transform>
		<reflectionVisible>	false	</reflectionVisible>
	</particles>
	<flare>
		<resource>	environments/fx/corona.xml	</resource>
		<position>	-3.259918 4.783478 -13.766861	</position>
		<colour>	255.000000 128.000000 0.000000	</colour>
	</flare>
	<omniLight>
		<colour>	255.000000 236.000183 176.000000	</colour>
		<position>	3.118805 4.782043 -13.184937	</position>
		<innerRadius>	0.823650	</innerRadius>
		<outerRadius>	4.041346	</outerRadius>
		<dynamic>	false	</dynamic>
		<static>	true	</static>
		<specular>	false	</specular>
		<multiplier>	1.000000	</multiplier>
	</omniLight>
	<omniLight>
		<colour>	255.000000 236.000168 176.000000	</colour>
		<position>	6.869476 4.558823 -13.632950	</position>
		<innerRadius>	0.587498	</innerRadius>
		<outerRadius>	5.179591	</outerRadius>
		<dynamic>	false	</dynamic>
		<static>	true	</static>
		<specular>	false	</specular>
		<multiplier>	1.000000	</multiplier>
	</omniLight>
	<omniLight>
		<colour>	255.000000 236.000168 176.000000	</colour>
		<position>	7.024017 4.582306 -9.206861	</position>
		<innerRadius>	0.430592	</innerRadius>
		<outerRadius>	3.883827	</outerRadius>
		<dynamic>	false	</dynamic>
		<static>	true	</static>
		<specular>	false	</specular>
		<multiplier>	1.400000	</multiplier>
	</omniLight>
	<omniLight>
		<colour>	255.000000 236.000183 176.000000	</colour>
		<position>	7.069611 4.534943 9.751665	</position>
		<innerRadius>	0.809383	</innerRadius>
		<outerRadius>	3.883827	</outerRadius>
		<dynamic>	false	</dynamic>
		<static>	true	</static>
		<specular>	false	</specular>
		<multiplier>	1.400000	</multiplier>
	</omniLight>
	<model>
		<editorOnly>
			<hidden>	false	</hidden>
			<frozen>	false	</frozen>
			<castsShadow>	true	</castsShadow>
		</editorOnly>
		<resource>	sets/items/upperskull.model	</resource>
		<transform>
			<row0>	-0.985573 0.000000 -0.169241	</row0>
			<row1>	0.000000 1.000000 0.000000	</row1>
			<row2>	0.169241 0.000000 -0.985573	</row2>
			<row3>	-8.221863 -0.030487 -13.200271	</row3>
		</transform>
