<fffffffeo.chunk>
	<speedtree>
		<spt>	speedtree/shrubs_flowers/cinnamon_fern/CinnamonFern_RT.spt	</spt>
		<seed>	1	</seed>
		<transform>
			<row0>	0.314569 0.000000 0.000000	</row0>
			<row1>	0.000000 0.314569 0.000000	</row1>
			<row2>	0.000000 0.000000 0.314569	</row2>
			<row3>	0.680817 75.687500 64.520935	</row3>
		</transform>
		<reflectionVisible>	false	</reflectionVisible>
	</speedtree>
	<speedtree>
		<spt>	speedtree/Conifers/italian_cypress/ItalianCypress_RT.spt	</spt>
		<seed>	1	</seed>
		<transform>
			<row0>	-0.365524 0.000000 -0.295996	</row0>
			<row1>	0.000000 0.470342 0.000000	</row1>
			<row2>	0.295996 0.000000 -0.365524	</row2>
			<row3>	75.330429 89.953415 96.095055	</row3>
		</transform>
		<reflectionVisible>	false	</reflectionVisible>
	</speedtree>
	<speedtree>
		<spt>	speedtree/Conifers/italian_cypress/ItalianCypress_RT.spt	</spt>
		<seed>	1	</seed>
		<transform>
			<row0>	0.254031 0.000000 -0.245315	</row0>
			<row1>	0.000000 0.353145 0.000000	</row1>
			<row2>	0.245315 0.000000 0.254031	</row2>
			<row3>	94.085953 93.150795 97.801743	</row3>
		</transform>
		<reflectionVisible>	false	</reflectionVisible>
	</speedtree>
	<speedtree>
		<seed>	1	</seed>
		<transform>
			<row0>	0.119018 0.028004 0.116782	</row0>
			<row1>	-0.021534 0.166729 -0.018035	</row1>
			<row2>	-0.118146 -0.002178 0.120931	</row2>
			<row3>	95.970230 93.749023 99.079933	</row3>
		</transform>
		<reflectionVisible>	false	</reflectionVisible>
		<spt>	speedtree/shrubs_flowers/american_boxwood/AmericanBoxwood_RT.spt	</spt>
	</speedtree>
	<speedtree>
		<seed>	1	</seed>
		<transform>
			<row0>	-0.155162 -0.038416 -0.165814	</row0>
			<row1>	0.005796 0.223050 -0.057101	</row1>
			<row2>	0.170107 -0.042642 -0.149300	</row2>
			<row3>	72.734390 89.792984 94.824310	</row3>
		</transform>
		<reflectionVisible>	false	</reflectionVisible>
		<spt>	speedtree/shrubs_flowers/american_boxwood/AmericanBoxwood_RT.spt	</spt>
	</speedtree>
	<speedtree>
		<seed>	1	</seed>
		<transform>
			<row0>	-0.020420 0.074590 0.169641	</row0>
			<row1>	-0.045984 0.163291 -0.077333	</row1>
			<row2>	-0.179520 -0.050312 0.000512	</row2>
			<row3>	64.583916 91.684616 99.150742	</row3>
		</transform>
		<reflectionVisible>	false	</reflectionVisible>
		<spt>	speedtree/shrubs_flowers/american_boxwood/AmericanBoxwood_RT.spt	</spt>
	</speedtree>
	<speedtree>
		<seed>	1	</seed>
		<transform>
			<row0>	-0.046921 -0.001519 0.122344	</row0>
			<row1>	-0.041134 0.123601 -0.014241	</row1>
			<row2>	-0.115232 -0.043503 -0.044734	</row2>
			<row3>	92.057434 90.495560 71.604568	</row3>
		</transform>
		<reflectionVisible>	false	</reflectionVisible>
		<spt>	speedtree/shrubs_flowers/american_boxwood/AmericanBoxwood_RT.spt	</spt>
	</speedtree>
	<speedtree>
		<seed>	1	</seed>
		<transform>
			<row0>	-0.008818 -0.008136 0.207506	</row0>
			<row1>	-0.063331 0.197904 0.005068	</row1>
			<row2>	-0.197773 -0.063011 -0.010875	</row2>
			<row3>	88.398407 88.876389 66.839828	</row3>
		</transform>
		<reflectionVisible>	false	</reflectionVisible>
		<spt>	speedtree/shrubs_flowers/american_boxwood/AmericanBoxwood_RT.spt	</spt>
	</speedtree>
	<speedtree>
		<seed>	1	</seed>
		<transform>
			<row0>	-0.099782 -0.035274 0.019816	</row0>
			<row1>	-0.038208 0.099498 -0.015283	</row1>
			<row2>	-0.013305 -0.021195 -0.104724	</row2>
			<row3>	92.455261 89.975365 64.990540	</row3>
		</transform>
		<reflectionVisible>	false	</reflectionVisible>
		<spt>	speedtree/shrubs_flowers/american_boxwood/AmericanBoxwood_RT.spt	</spt>
	</speedtree>
	<speedtree>
		<seed>	1	</seed>
		<transform>
			<row0>	0.091332 0.054919 0.061566	</row0>
			<row1>	-0.065361 0.104210 0.004002	</row1>
			<row2>	-0.050343 -0.035665 0.106496	</row2>
			<row3>	98.861374 93.226982 68.199677	</row3>
		</transform>
		<reflectionVisible>	false	</reflectionVisible>
		<spt>	speedtree/shrubs_flowers/american_boxwood/AmericanBoxwood_RT.spt	</spt>
	</speedtree>
	<speedtree>
		<spt>	speedtree/shrubs_flowers/cinnamon_fern/CinnamonFern_RT.spt	</spt>
		<seed>	1	</seed>
		<transform>
			<row0>	-0.234145 -0.094330 -0.218615	</row0>
			<row1>	-0.040697 0.317956 -0.093607	</row1>
			<row2>	0.234594 -0.038991 -0.234436	</row2>
			<row3>	78.175934 89.684494 95.169769	</row3>
		</transform>
		<reflectionVisible>	false	</reflectionVisible>
	</speedtree>
	<speedtree>
		<spt>	speedtree/shrubs_flowers/cinnamon_fern/CinnamonFern_RT.spt	</spt>
		<seed>	1	</seed>
		<transform>
			<row0>	-0.137186 0.105542 0.347301	</row0>
			<row1>	0.057285 0.372920 -0.090699	</row1>
			<row2>	-0.358435 0.019206 -0.147421	</row2>
			<row3>	69.579002 87.886940 84.433716	</row3>
		</transform>
		<reflectionVisible>	false	</reflectionVisible>
	</speedtree>
	<speedtree>
		<spt>	speedtree/shrubs_flowers/cinnamon_fern/CinnamonFern_RT.spt	</spt>
		<seed>	1	</seed>
		<transform>
			<row0>	-0.207092 0.030720 0.234501	</row0>
			<row1>	-0.007954 0.310615 -0.047715	</row1>
			<row2>	-0.236371 -0.037367 -0.203848	</row2>
			<row3>	63.208950 89.464310 92.032310	</row3>
		</transform>
		<reflectionVisible>	false	</reflectionVisible>
	</speedtree>
	<speedtree>
		<spt>	speedtree/shrubs_flowers/cinnamon_fern/CinnamonFern_RT.spt	</spt>
		<seed>	1	</seed>
		<transform>
			<row0>	-0.298538 -0.087619 0.202608	</row0>
			<row1>	-0.120961 0.349996 -0.026876	</row1>
			<row2>	-0.184649 -0.087619 -0.309967	</row2>
			<row3>	89.190269 89.870071 78.071907	</row3>
		</transform>
		<reflectionVisible>	false	</reflectionVisible>
	</speedtree>
	<speedtree>
		<spt>	speedtree/shrubs_flowers/cinnamon_fern/CinnamonFern_RT.spt	</spt>
		<seed>	1	</seed>
		<transform>
			<row0>	-0.184552 0.047848 0.222092	</row0>
			<row1>	0.003668 0.286727 -0.058724	</row1>
			<row2>	-0.227159 -0.034242 -0.181385	</row2>
			<row3>	74.712608 87.378128 83.908417	</row3>
		</transform>
		<reflectionVisible>	false	</reflectionVisible>
	</speedtree>
	<speedtree>
		<seed>	1	</seed>
		<transform>
			<row0>	0.170111 0.005962 0.050379	</row0>
			<row1>	0.004452 0.173850 -0.035606	</row1>
			<row2>	-0.050535 0.035385 0.166450	</row2>
			<row3>	74.539574 88.521744 89.550575	</row3>
		</transform>
		<reflectionVisible>	false	</reflectionVisible>
		<spt>	speedtree/shrubs_flowers/american_boxwood/AmericanBoxwood_RT.spt	</spt>
	</speedtree>
	<speedtree>
		<spt>	speedtree/shrubs_flowers/cinnamon_fern/CinnamonFern_RT.spt	</spt>
		<seed>	1	</seed>
		<transform>
			<row0>	0.005223 -0.063965 -0.360697	</row0>
			<row1>	-0.045795 0.357790 -0.064113	</row1>
			<row2>	0.363452 0.046001 -0.002895	</row2>
			<row3>	54.897236 88.983910 96.858635	</row3>
		</transform>
		<reflectionVisible>	false	</reflectionVisible>
	</speedtree>
	<speedtree>
		<seed>	1	</seed>
		<transform>
			<row0>	-0.106101 -0.021291 0.017128	</row0>
			<row1>	-0.021976 0.107301 -0.002748	</row1>
			<row2>	-0.016241 -0.006096 -0.108181	</row2>
			<row3>	55.838074 88.734680 93.712471	</row3>
		</transform>
		<reflectionVisible>	false	</reflectionVisible>
		<spt>	speedtree/shrubs_flowers/american_boxwood/AmericanBoxwood_RT.spt	</spt>
	</speedtree>
	<speedtree>
		<spt>	speedtree/shrubs_flowers/boston_fern/BostonFern_RT.spt	</spt>
		<seed>	1	</seed>
		<transform>
			<row0>	0.256945 0.113200 0.154417	</row0>
			<row1>	-0.088130 0.299353 -0.072804	</row1>
			<row2>	-0.169976 0.015909 0.271173	</row2>
			<row3>	80.658371 89.447769 92.277756	</row3>
		</transform>
		<reflectionVisible>	false	</reflectionVisible>
	</speedtree>
	<speedtree>
		<spt>	speedtree/shrubs_flowers/boston_fern/BostonFern_RT.spt	</spt>
		<seed>	1	</seed>
		<transform>
			<row0>	0.000960 0.074994 0.366251	</row0>
			<row1>	0.004686 0.366221 -0.075000	</row1>
			<row2>	-0.373821 0.004783 0.000000	</row2>
			<row3>	74.290367 86.886475 81.579071	</row3>
		</transform>
		<reflectionVisible>	false	</reflectionVisible>
	</speedtree>
	<speedtree>
		<spt>	speedtree/shrubs_flowers/boston_fern/BostonFern_RT.spt	</spt>
		<seed>	1	</seed>
		<transform>
			<row0>	-0.040604 -0.078911 -0.420187	</row0>
			<row1>	-0.186360 0.383136 -0.053944	</row1>
			<row2>	0.384778 0.177237 -0.070468	</row2>
			<row3>	87.669159 89.436028 79.501060	</row3>
		</transform>
		<reflectionVisible>	false	</reflectionVisible>
	</speedtree>
	<speedtree>
		<spt>	speedtree/shrubs_flowers/boston_fern/BostonFern_RT.spt	</spt>
		<seed>	1	</seed>
		<transform>
			<row0>	-0.171153 -0.133090 0.289458	</row0>
			<row1>	-0.134384 0.328081 0.071388	</row1>
			<row2>	-0.288859 -0.073773 -0.204719	</row2>
			<row3>	94.444405 93.038269 85.230476	</row3>
		</transform>
		<reflectionVisible>	false	</reflectionVisible>
	</speedtree>
	<speedtree>
		<spt>	speedtree/shrubs_flowers/boston_fern/BostonFern_RT.spt	</spt>
		<seed>	1	</seed>
		<transform>
			<row0>	0.206578 0.138295 0.419355	</row0>
			<row1>	-0.183501 0.447993 -0.057345	</row1>
			<row2>	-0.401636 -0.133550 0.241891	</row2>
			<row3>	97.346901 92.646950 71.278580	</row3>
		</transform>
		<reflectionVisible>	false	</reflectionVisible>
	</speedtree>
	<speedtree>
		<spt>	speedtree/shrubs_flowers/boston_fern/BostonFern_RT.spt	</spt>
		<seed>	1	</seed>
		<transform>
			<row0>	0.360763 0.076680 -0.308131	</row0>
			<row1>	-0.150425 0.451992 -0.063638	</row1>
			<row2>	0.279637 0.144214 0.363291	</row2>
			<row3>	90.779243 89.729469 68.878799	</row3>
		</transform>
		<reflectionVisible>	false	</reflectionVisible>
	</speedtree>
	<speedtree>
		<spt>	speedtree/shrubs_flowers/boston_fern/BostonFern_RT.spt	</spt>
		<seed>	1	</seed>
		<transform>
			<row0>	0.310891 0.060184 -0.126324	</row0>
			<row1>	-0.083630 0.326682 -0.050180	</row1>
			<row2>	0.112186 0.076746 0.312662	</row2>
			<row3>	58.664558 89.727303 96.478981	</row3>
		</transform>
		<reflectionVisible>	false	</reflectionVisible>
	</speedtree>
	<speedtree>
		<spt>	speedtree/shrubs_flowers/boston_fern/BostonFern_RT.spt	</spt>
		<seed>	1	</seed>
		<transform>
			<row0>	-0.196909 0.085240 0.377201	</row0>
			<row1>	0.038128 0.425501 -0.076252	</row1>
			<row2>	-0.384828 -0.001459 -0.200561	</row2>
			<row3>	71.148315 88.335236 87.723930	</row3>
		</transform>
		<reflectionVisible>	false	</reflectionVisible>
	</speedtree>
	<speedtree>
		<spt>	speedtree/Conifers/italian_cypress/ItalianCypress_RT.spt	</spt>
		<seed>	1	</seed>
		<transform>
			<row0>	-0.158690 0.000000 0.311446	</row0>
			<row1>	0.000000 0.349544 0.000000	</row1>
			<row2>	-0.311446 0.000000 -0.158690	</row2>
			<row3>	96.750626 90.555252 59.634109	</row3>
		</transform>
		<reflectionVisible>	false	</reflectionVisible>
	</speedtree>
	<speedtree>
		<spt>	speedtree/Conifers/italian_cypress/ItalianCypress_RT.spt	</spt>
		<seed>	1	</seed>
		<transform>
			<row0>	-0.290253 0.000000 -0.160890	</row0>
			<row1>	0.000000 0.331862 0.000000	</row1>
			<row2>	0.160890 0.000000 -0.290253	</row2>
			<row3>	85.016403 87.955414 69.578598	</row3>
		</transform>
		<reflectionVisible>	false	</reflectionVisible>
	</speedtree>
	<speedtree>
		<spt>	speedtree/shrubs_flowers/boston_fern/BostonFern_RT.spt	</spt>
		<seed>	1	</seed>
		<transform>
			<row0>	-0.135652 0.000000 -0.234957	</row0>
			<row1>	0.000000 0.271305 0.000000	</row1>
			<row2>	0.234957 0.000000 -0.135652	</row2>
			<row3>	79.483879 86.187531 65.619904	</row3>
		</transform>
		<reflectionVisible>	false	</reflectionVisible>
	</speedtree>
	<speedtree>
		<spt>	speedtree/shrubs_flowers/boston_fern/BostonFern_RT.spt	</spt>
		<seed>	1	</seed>
		<transform>
			<row0>	0.024950 0.000000 0.285180	</row0>
			<row1>	0.000000 0.286270 0.000000	</row1>
			<row2>	-0.285180 0.000000 0.024950	</row2>
			<row3>	65.262375 85.952408 77.353546	</row3>
		</transform>
		<reflectionVisible>	false	</reflectionVisible>
	</speedtree>
	<speedtree>
		<spt>	speedtree/shrubs_flowers/cinnamon_fern/CinnamonFern_RT.spt	</spt>
		<seed>	1	</seed>
		<transform>
			<row0>	-0.235924 -0.086545 -0.100777	</row0>
			<row1>	-0.082075 0.256475 -0.028114	</row1>
			<row2>	0.104450 0.006052 -0.249719	</row2>
			<row3>	77.342583 85.203354 60.971497	</row3>
		</transform>
		<reflectionVisible>	false	</reflectionVisible>
	</speedtree>
	<speedtree>
		<seed>	1	</seed>
		<transform>
			<row0>	0.124490 0.041137 0.094983	</row0>
			<row1>	-0.043803 0.155544 -0.009956	</row1>
			<row2>	-0.093783 -0.018043 0.130733	</row2>
			<row3>	82.413788 87.084885 64.799484	</row3>
		</transform>
		<reflectionVisible>	false	</reflectionVisible>
		<spt>	speedtree/shrubs_flowers/american_boxwood/AmericanBoxwood_RT.spt	</spt>
	</speedtree>
	<speedtree>
		<seed>	1	</seed>
		<transform>
			<row0>	0.105431 0.050317 0.046250	</row0>
			<row1>	-0.041190 0.114632 -0.030815	</row1>
			<row2>	-0.054537 0.010695 0.112685	</row2>
			<row3>	94.576202 90.111847 61.033112	</row3>
		</transform>
		<reflectionVisible>	false	</reflectionVisible>
		<spt>	speedtree/shrubs_flowers/american_boxwood/AmericanBoxwood_RT.spt	</spt>
	</speedtree>
	<speedtree>
		<seed>	1	</seed>
		<transform>
			<row0>	-0.051951 0.026325 0.099084	</row0>
			<row1>	-0.013856 0.108257 -0.036027	</row1>
			<row2>	-0.101581 -0.028230 -0.045759	</row2>
			<row3>	1.313858 82.661911 82.853767	</row3>
		</transform>
		<reflectionVisible>	false	</reflectionVisible>
		<spt>	speedtree/shrubs_flowers/american_boxwood/AmericanBoxwood_RT.spt	</spt>
	</speedtree>
	<speedtree>
		<seed>	1	</seed>
		<transform>
			<row0>	0.080673 0.090454 0.132237	</row0>
			<row1>	-0.007682 0.150068 -0.097965	</row1>
			<row2>	-0.160030 0.038395 0.071365	</row2>
			<row3>	3.815979 79.615181 75.964767	</row3>
		</transform>
		<reflectionVisible>	false	</reflectionVisible>
		<spt>	speedtree/shrubs_flowers/american_boxwood/AmericanBoxwood_RT.spt	</spt>
	</speedtree>
	<speedtree>
		<spt>	speedtree/shrubs_flowers/cinnamon_fern/CinnamonFern_RT.spt	</spt>
		<seed>	1	</seed>
		<transform>
			<row0>	-0.087091 -0.040553 0.244635	</row0>
			<row1>	-0.124418 0.231431 -0.005929	</row1>
			<row2>	-0.214502 -0.117773 -0.095886	</row2>
			<row3>	96.031410 94.285034 81.887199	</row3>
		</transform>
		<reflectionVisible>	false	</reflectionVisible>
	</speedtree>
	<speedtree>
		<spt>	speedtree/shrubs_flowers/cinnamon_fern/CinnamonFern_RT.spt	</spt>
		<seed>	1	</seed>
		<transform>
			<row0>	0.273019 -0.062045 0.284451	</row0>
			<row1>	-0.004976 0.388906 0.089605	</row1>
			<row2>	-0.291096 -0.064839 0.265255	</row2>
			<row3>	99.581078 94.759819 84.326920	</row3>
		</transform>
		<reflectionVisible>	false	</reflectionVisible>
	</speedtree>
	<speedtree>
		<spt>	speedtree/Conifers/italian_cypress/ItalianCypress_RT.spt	</spt>
		<seed>	1	</seed>
		<transform>
			<row0>	0.292114 0.000000 0.212234	</row0>
			<row1>	0.000000 0.361073 0.000000	</row1>
			<row2>	-0.212234 0.000000 0.292114	</row2>
			<row3>	6.009911 73.250000 36.280624	</row3>
		</transform>
		<reflectionVisible>	false	</reflectionVisible>
	</speedtree>
	<speedtree>
		<spt>	speedtree/Conifers/italian_cypress/ItalianCypress_RT.spt	</spt>
		<seed>	1	</seed>
		<transform>
			<row0>	0.292114 0.000000 0.212234	</row0>
			<row1>	0.000000 0.361073 0.000000	</row1>
			<row2>	-0.212234 0.000000 0.292114	</row2>
			<row3>	5.779427 74.804688 44.885513	</row3>
		</transform>
		<reflectionVisible>	false	</reflectionVisible>
	</speedtree>
	<speedtree>
		<spt>	speedtree/Conifers/italian_cypress/ItalianCypress_RT.spt	</spt>
		<seed>	1	</seed>
		<transform>
			<row0>	0.292114 0.000000 0.212234	</row0>
			<row1>	0.000000 0.361073 0.000000	</row1>
			<row2>	-0.212234 0.000000 0.292114	</row2>
			<row3>	4.844856 71.500000 29.366760	</row3>
		</transform>
		<reflectionVisible>	false	</reflectionVisible>
	</speedtree>
	<speedtree>
		<spt>	speedtree/Conifers/italian_cypress/ItalianCypress_RT.spt	</spt>
		<seed>	1	</seed>
		<transform>
			<row0>	0.292114 0.000000 0.212234	</row0>
			<row1>	0.000000 0.361073 0.000000	</row1>
			<row2>	-0.212234 0.000000 0.292114	</row2>
			<row3>	11.548958 81.132813 73.769531	</row3>
		</transform>
		<reflectionVisible>	false	</reflectionVisible>
	</speedtree>
	<speedtree>
		<spt>	speedtree/Conifers/italian_cypress/ItalianCypress_RT.spt	</spt>
		<seed>	1	</seed>
		<transform>
			<row0>	0.292114 0.000000 0.212234	</row0>
			<row1>	0.000000 0.361073 0.000000	</row1>
			<row2>	-0.212234 0.000000 0.292114	</row2>
			<row3>	56.291370 85.507813 82.312897	</row3>
		</transform>
		<reflectionVisible>	false	</reflectionVisible>
	</speedtree>
	<speedtree>
		<spt>	speedtree/Conifers/italian_cypress/ItalianCypress_RT.spt	</spt>
		<seed>	1	</seed>
		<transform>
			<row0>	0.292114 0.000000 0.212234	</row0>
			<row1>	0.000000 0.361073 0.000000	</row1>
			<row2>	-0.212234 0.000000 0.292114	</row2>
			<row3>	10.904228 83.843750 84.473663	</row3>
		</transform>
		<reflectionVisible>	false	</reflectionVisible>
	</speedtree>
	<speedtree>
		<spt>	speedtree/Conifers/italian_cypress/ItalianCypress_RT.spt	</spt>
		<seed>	1	</seed>
		<transform>
			<row0>	0.292114 0.000000 0.212234	</row0>
			<row1>	0.000000 0.361073 0.000000	</row1>
			<row2>	-0.212234 0.000000 0.292114	</row2>
			<row3>	10.913795 86.234375 93.457489	</row3>
		</transform>
		<reflectionVisible>	false	</reflectionVisible>
	</speedtree>
	<speedtree>
		<spt>	speedtree/Conifers/italian_cypress/ItalianCypress_RT.spt	</spt>
		<seed>	1	</seed>
		<transform>
			<row0>	0.292114 0.000000 0.212234	</row0>
			<row1>	0.000000 0.361073 0.000000	</row1>
			<row2>	-0.212234 0.000000 0.292114	</row2>
			<row3>	56.324310 89.781250 99.534393	</row3>
		</transform>
		<reflectionVisible>	false	</reflectionVisible>
	</speedtree>
	<speedtree>
		<spt>	speedtree/shrubs_flowers/boston_fern/BostonFern_RT.spt	</spt>
		<seed>	1	</seed>
		<transform>
			<row0>	0.059899 -0.018714 0.493255	</row0>
			<row1>	-0.151145 0.472311 0.036274	</row1>
			<row2>	-0.469900 -0.154306 0.051209	</row2>
			<row3>	84.451668 88.239197 76.892395	</row3>
		</transform>
		<reflectionVisible>	false	</reflectionVisible>
	</speedtree>
	<speedtree>
		<spt>	speedtree/shrubs_flowers/boston_fern/BostonFern_RT.spt	</spt>
		<seed>	1	</seed>
		<transform>
			<row0>	-0.286877 -0.088677 0.157855	</row0>
			<row1>	-0.114051 0.318213 -0.028511	</row1>
			<row2>	-0.140620 -0.077181 -0.298913	</row2>
			<row3>	81.846367 87.323898 73.104515	</row3>
		</transform>
		<reflectionVisible>	false	</reflectionVisible>
	</speedtree>
	<speedtree>
		<spt>	speedtree/shrubs_flowers/cinnamon_fern/CinnamonFern_RT.spt	</spt>
		<seed>	1	</seed>
		<transform>
			<row0>	-0.172532 -0.093666 -0.338286	</row0>
			<row1>	-0.063081 0.379078 -0.072788	</row1>
			<row2>	0.345299 0.022451 -0.182324	</row2>
			<row3>	97.926163 94.067772 98.660744	</row3>
		</transform>
		<reflectionVisible>	false	</reflectionVisible>
	</speedtree>
	<speedtree>
		<spt>	speedtree/shrubs_flowers/cinnamon_fern/CinnamonFern_RT.spt	</spt>
		<seed>	1	</seed>
		<transform>
			<row0>	-0.184576 0.038754 0.223838	</row0>
			<row1>	-0.011003 0.286547 -0.058684	</row1>
			<row2>	-0.226902 -0.045420 -0.179239	</row2>
			<row3>	77.068001 88.230095 88.138084	</row3>
		</transform>
		<reflectionVisible>	false	</reflectionVisible>
	</speedtree>
	<model>
		<resource>	sets/temperate/props/fd_fence_wood01.model	</resource>
		<transform>
			<row0>	-0.995149 -0.080963 0.055904	</row0>
			<row1>	-0.093546 0.954651 -0.282653	</row1>
			<row2>	-0.030484 -0.286511 -0.957593	</row2>
			<row3>	21.080132 71.781807 21.668961	</row3>
		</transform>
		<reflectionVisible>	false	</reflectionVisible>
	</model>
	<model>
		<resource>	sets/temperate/props/fd_fence_wood01.model	</resource>
		<transform>
			<row0>	-0.998001 -0.042519 0.046756	</row0>
			<row1>	-0.052738 0.967974 -0.245453	</row1>
			<row2>	-0.034822 -0.247428 -0.968281	</row2>
			<row3>	14.590118 71.297394 21.839554	</row3>
		</transform>
		<reflectionVisible>	false	</reflectionVisible>
	</model>
	<model>
		<resource>	sets/temperate/props/fd_fence_wood01.model	</resource>
		<transform>
			<row0>	-0.033953 0.204443 0.978290	</row0>
			<row1>	0.060774 0.977466 -0.202161	</row1>
			<row2>	-0.997574 0.052592 -0.045614	</row2>
			<row3>	41.380974 72.594368 24.761337	</row3>
		</transform>
		<reflectionVisible>	false	</reflectionVisible>
	</model>
	<model>
		<resource>	sets/temperate/props/fd_fence_wood01.model	</resource>
		<transform>
			<row0>	-0.033905 0.206287 0.977905	</row0>
			<row1>	0.065265 0.976836 -0.203799	</row1>
			<row2>	-0.997292 0.056915 -0.046585	</row2>
			<row3>	41.086365 74.001038 30.966110	</row3>
		</transform>
		<reflectionVisible>	false	</reflectionVisible>
	</model>
	<model>
		<resource>	sets/temperate/props/fd_fence_wood01.model	</resource>
		<transform>
			<row0>	-0.033436 0.211222 0.976867	</row0>
			<row1>	0.064863 0.975812 -0.208772	</row1>
			<row2>	-0.997334 0.056383 -0.046330	</row2>
			<row3>	40.802082 75.378502 37.175766	</row3>
		</transform>
		<reflectionVisible>	false	</reflectionVisible>
	</model>
	<model>
		<resource>	sets/temperate/props/fd_fence_wood01.model	</resource>
		<transform>
			<row0>	-0.033776 0.164865 0.985738	</row0>
			<row1>	-0.001200 0.986294 -0.164999	</row1>
			<row2>	-0.999430 -0.006755 -0.033118	</row2>
			<row3>	40.443340 76.603951 43.310883	</row3>
		</transform>
		<reflectionVisible>	false	</reflectionVisible>
	</model>
	<model>
		<resource>	sets/temperate/props/fd_fence_wood01.model	</resource>
		<transform>
			<row0>	-0.007665 0.175500 0.984451	</row0>
			<row1>	-0.168793 0.970126 -0.174260	</row1>
			<row2>	-0.985624 -0.167503 0.022184	</row2>
			<row3>	10.975632 71.680695 24.822327	</row3>
		</transform>
		<reflectionVisible>	false	</reflectionVisible>
	</model>
	<model>
		<resource>	sets/temperate/props/fd_fence_wood01.model	</resource>
		<transform>
			<row0>	0.011633 0.137879 0.990382	</row0>
			<row1>	-0.126431 0.982702 -0.135324	</row1>
			<row2>	-0.991908 -0.123640 0.028861	</row2>
			<row3>	10.846565 72.695953 31.151169	</row3>
		</transform>
		<reflectionVisible>	false	</reflectionVisible>
	</model>
	<model>
		<resource>	sets/temperate/props/fd_fence_wood01.model	</resource>
		<transform>
			<row0>	-0.014353 0.152227 0.988242	</row0>
			<row1>	0.002589 0.988346 -0.152206	</row1>
			<row2>	-0.999895 0.000375 -0.014583	</row2>
			<row3>	10.657753 73.581032 37.460373	</row3>
		</transform>
		<reflectionVisible>	false	</reflectionVisible>
	</model>
	<model>
		<resource>	sets/temperate/props/fd_fence_wood01.model	</resource>
		<transform>
			<row0>	-0.038158 0.213411 0.976218	</row0>
			<row1>	0.025013 0.976828 -0.212566	</row1>
			<row2>	-0.998960 0.016309 -0.042614	</row2>
			<row3>	10.389557 74.789825 43.914490	</row3>
		</transform>
		<reflectionVisible>	false	</reflectionVisible>
	</model>
	<model>
		<resource>	sets/temperate/props/fd_fence_wood01.model	</resource>
		<transform>
			<row0>	-0.999360 -0.034499 -0.009471	</row0>
			<row1>	-0.033194 0.992910 -0.114144	</row1>
			<row2>	0.013341 -0.113757 -0.993419	</row2>
			<row3>	37.344822 76.940720 46.776703	</row3>
		</transform>
		<reflectionVisible>	false	</reflectionVisible>
	</model>
	<model>
		<resource>	sets/temperate/props/fd_fence_wood01.model	</resource>
		<transform>
			<row0>	-0.997863 -0.065111 -0.005418	</row0>
			<row1>	-0.060961 0.957674 -0.281327	</row1>
			<row2>	0.023505 -0.280395 -0.959597	</row2>
			<row3>	31.047569 76.739922 46.966492	</row3>
		</transform>
		<reflectionVisible>	false	</reflectionVisible>
	</model>
	<model>
		<resource>	sets/temperate/props/fd_fence_wood01.model	</resource>
		<transform>
			<row0>	-0.998087 -0.061329 -0.007668	</row0>
			<row1>	-0.053886 0.924233 -0.378007	</row1>
			<row2>	0.030269 -0.376871 -0.925771	</row2>
			<row3>	24.613144 76.268280 47.123657	</row3>
		</transform>
		<reflectionVisible>	false	</reflectionVisible>
	</model>
	<model>
		<resource>	sets/temperate/props/fd_fence_wood01.model	</resource>
		<transform>
			<row0>	-0.994203 -0.067868 0.083380	</row0>
			<row1>	-0.091501 0.941325 -0.324861	</row1>
			<row2>	-0.056440 -0.330608 -0.942079	</row2>
			<row3>	18.392746 75.703117 47.477005	</row3>
		</transform>
		<reflectionVisible>	false	</reflectionVisible>
	</model>
	<model>
		<resource>	sets/temperate/props/fd_fence_wood01.model	</resource>
		<transform>
			<row0>	-0.864600 0.011019 -0.043517	</row0>
			<row1>	0.025842 0.962607 -0.269663	</row1>
			<row2>	0.044952 -0.270600 -0.961642	</row2>
			<row3>	12.391876 75.629402 47.497681	</row3>
		</transform>
		<reflectionVisible>	false	</reflectionVisible>
	</model>
	<model>
		<resource>	sets/temperate/props/fd_fence_wood03.model	</resource>
		<transform>
			<row0>	-0.999580 -0.027910 0.007808	</row0>
			<row1>	-0.028882 0.981671 -0.188384	</row1>
			<row2>	-0.002408 -0.188531 -0.982064	</row2>
			<row3>	38.505661 82.085182 70.138138	</row3>
		</transform>
		<reflectionVisible>	false	</reflectionVisible>
	</model>
	<model>
		<resource>	sets/temperate/props/fd_fence_wood01.model	</resource>
		<transform>
			<row0>	-0.999300 0.036510 0.008192	</row0>
			<row1>	0.034137 0.979220 -0.199904	</row1>
			<row2>	-0.015320 -0.199484 -0.979781	</row2>
			<row3>	32.855057 81.963837 70.555115	</row3>
		</transform>
		<reflectionVisible>	false	</reflectionVisible>
	</model>
	<model>
		<resource>	sets/temperate/props/fd_fence_wood01.model	</resource>
		<transform>
			<row0>	-0.997991 -0.062841 0.008064	</row0>
			<row1>	-0.062946 0.997926 -0.013509	</row1>
			<row2>	-0.007199 -0.013989 -0.999876	</row2>
			<row3>	26.482895 81.908325 70.711685	</row3>
		</transform>
		<reflectionVisible>	false	</reflectionVisible>
	</model>
	<model>
		<resource>	sets/temperate/props/fd_fence_wood01.model	</resource>
		<transform>
			<row0>	-0.996456 -0.081232 -0.021874	</row0>
			<row1>	-0.078500 0.991324 -0.105427	</row1>
			<row2>	0.030249 -0.103337 -0.994187	</row2>
			<row3>	20.184822 81.407799 70.620300	</row3>
		</transform>
		<reflectionVisible>	false	</reflectionVisible>
	</model>
	<model>
		<resource>	sets/temperate/props/fd_fence_wood01.model	</resource>
		<transform>
			<row0>	-0.998692 -0.051127 0.000000	</row0>
			<row1>	-0.049683 0.970476 -0.236024	</row1>
			<row2>	0.012067 -0.235715 -0.971747	</row2>
			<row3>	44.040852 82.401985 70.334198	</row3>
		</transform>
		<reflectionVisible>	false	</reflectionVisible>
	</model>
	<model>
		<resource>	sets/temperate/props/fd_fence_wood01.model	</resource>
		<transform>
			<row0>	-0.998692 -0.051127 0.000000	</row0>
			<row1>	-0.049683 0.970476 -0.236024	</row1>
			<row2>	0.012067 -0.235715 -0.971747	</row2>
			<row3>	50.290520 82.677101 70.242264	</row3>
		</transform>
		<reflectionVisible>	false	</reflectionVisible>
	</model>
	<model>
		<resource>	sets/temperate/props/fd_fence_wood01.model	</resource>
		<transform>
			<row0>	-0.031808 0.211344 0.976894	</row0>
			<row1>	-0.037496 0.976449 -0.212468	</row1>
			<row2>	-0.998791 -0.043387 -0.023135	</row2>
			<row3>	53.756897 83.619980 73.681641	</row3>
		</transform>
		<reflectionVisible>	false	</reflectionVisible>
	</model>
	<model>
		<resource>	sets/temperate/props/fd_fence_wood01.model	</resource>
		<transform>
			<row0>	-0.030367 0.188483 0.981607	</row0>
			<row1>	0.000000 0.982060 -0.188569	</row1>
			<row2>	-0.999539 -0.005726 -0.029823	</row2>
			<row3>	53.377674 84.852394 79.892540	</row3>
		</transform>
		<reflectionVisible>	false	</reflectionVisible>
	</model>
	<model>
		<resource>	sets/temperate/props/fd_fence_wood01.model	</resource>
		<transform>
			<row0>	-0.035753 0.264259 0.963789	</row0>
			<row1>	-0.063224 0.961876 -0.266078	</row1>
			<row2>	-0.997359 -0.070448 -0.017684	</row2>
			<row3>	52.970131 86.235313 86.039627	</row3>
		</transform>
		<reflectionVisible>	false	</reflectionVisible>
	</model>
	<model>
		<resource>	sets/temperate/props/fd_fence_wood01.model	</resource>
		<transform>
			<row0>	-0.033083 0.224145 0.973994	</row0>
			<row1>	-0.100089 0.968886 -0.226368	</row1>
			<row2>	-0.994429 -0.104974 -0.009621	</row2>
			<row3>	52.593273 87.806717 92.209457	</row3>
		</transform>
		<reflectionVisible>	false	</reflectionVisible>
	</model>
	<model>
		<resource>	sets/temperate/props/fd_fence_wood01.model	</resource>
		<transform>
			<row0>	-0.031198 0.223653 0.974169	</row0>
			<row1>	-0.024945 0.974166 -0.224451	</row1>
			<row2>	-0.999202 -0.031303 -0.024814	</row2>
			<row3>	52.015266 89.116333 98.452553	</row3>
		</transform>
		<reflectionVisible>	false	</reflectionVisible>
	</model>
	<model>
		<resource>	sets/temperate/props/fd_fence_wood01.model	</resource>
		<transform>
			<row0>	-0.033131 0.245847 0.968741	</row0>
			<row1>	-0.024392 0.968788 -0.246692	</row1>
			<row2>	-0.999154 -0.031801 -0.026101	</row2>
			<row3>	19.769562 88.238014 99.285110	</row3>
		</transform>
		<reflectionVisible>	false	</reflectionVisible>
	</model>
	<model>
		<resource>	sets/temperate/props/fd_fence_wood01.model	</resource>
		<transform>
			<row0>	-0.033265 0.249313 0.967850	</row0>
			<row1>	-0.050554 0.966729 -0.250761	</row1>
			<row2>	-0.998168 -0.057269 -0.019555	</row2>
			<row3>	19.741409 86.626945 93.122650	</row3>
		</transform>
		<reflectionVisible>	false	</reflectionVisible>
	</model>
	<model>
		<resource>	sets/temperate/props/fd_fence_wood01.model	</resource>
		<transform>
			<row0>	-0.031658 0.226250 0.973553	</row0>
			<row1>	-0.084356 0.969964 -0.228158	</row1>
			<row2>	-0.995934 -0.089347 -0.011623	</row2>
			<row3>	19.889336 85.041306 86.848625	</row3>
		</transform>
		<reflectionVisible>	false	</reflectionVisible>
	</model>
	<model>
		<resource>	sets/temperate/props/fd_fence_wood01.model	</resource>
		<transform>
			<row0>	-0.036176 0.249072 1.213561	</row0>
			<row1>	-0.105428 0.973500 -0.202944	</row1>
			<row2>	-0.993999 -0.109154 -0.007229	</row2>
			<row3>	20.338509 83.492828 79.883286	</row3>
		</transform>
		<reflectionVisible>	false	</reflectionVisible>
	</model>
	<model>
		<resource>	sets/temperate/props/fd_fence_wood03.model	</resource>
		<transform>
			<row0>	-0.040797 -0.238146 -0.970372	</row0>
			<row1>	-0.178427 0.957307 -0.227438	</row1>
			<row2>	0.983107 0.163861 -0.081547	</row2>
			<row3>	20.421455 81.965462 73.588318	</row3>
		</transform>
		<reflectionVisible>	false	</reflectionVisible>
	</model>
	<model>
		<resource>	sets/temperate/props/fd_fence_wood01.model	</resource>
		<transform>
			<row0>	-0.027461 0.150391 0.988245	</row0>
			<row1>	-0.050536 0.987146 -0.151629	</row1>
			<row2>	-0.998345 -0.054104 -0.019509	</row2>
			<row3>	16.428802 81.568848 73.292221	</row3>
		</transform>
		<reflectionVisible>	false	</reflectionVisible>
	</model>
	<model>
		<resource>	sets/temperate/props/fd_fence_wood01.model	</resource>
		<transform>
			<row0>	-0.035010 0.275167 0.960759	</row0>
			<row1>	-0.067186 0.958526 -0.276977	</row1>
			<row2>	-0.997127 -0.074244 -0.015073	</row2>
			<row3>	15.842636 82.893219 79.576645	</row3>
		</transform>
		<reflectionVisible>	false	</reflectionVisible>
	</model>
	<model>
		<resource>	sets/temperate/props/fd_fence_wood01.model	</resource>
		<transform>
			<row0>	-0.037633 0.254841 0.966251	</row0>
			<row1>	-0.006556 0.966852 -0.255256	</row1>
			<row2>	-0.999271 -0.015938 -0.034717	</row2>
			<row3>	15.356049 84.440315 85.620415	</row3>
		</transform>
		<reflectionVisible>	false	</reflectionVisible>
	</model>
	<model>
		<resource>	sets/temperate/props/fd_peasant_hut.model	</resource>
		<transform>
			<row0>	0.000000 0.000000 1.000000	</row0>
			<row1>	0.000000 1.000000 0.000000	</row1>
			<row2>	-1.000000 0.000000 0.000000	</row2>
			<row3>	91.000000 81.500000 7.000000	</row3>
		</transform>
		<reflectionVisible>	false	</reflectionVisible>
	</model>
	<model>
		<resource>	sets/temperate/props/fd_peasant_hut.model	</resource>
		<transform>
			<row0>	-1.000000 0.000000 0.000000	</row0>
			<row1>	0.000000 1.000000 0.000000	</row1>
			<row2>	0.000000 0.000000 -1.000000	</row2>
			<row3>	60.500000 69.000000 16.500000	</row3>
		</transform>
		<reflectionVisible>	false	</reflectionVisible>
	</model>
	<model>
		<resource>	sets/temperate/props/fd_peasant_hut.model	</resource>
		<transform>
			<row0>	-1.000000 0.000000 0.000000	</row0>
			<row1>	0.000000 1.000000 0.000000	</row1>
			<row2>	0.000000 0.000000 -1.000000	</row2>
			<row3>	91.500000 80.000000 40.000000	</row3>
		</transform>
		<reflectionVisible>	false	</reflectionVisible>
	</model>
	<speedtree>
		<spt>	speedtree/Conifers/italian_cypress/ItalianCypress_RT.spt	</spt>
		<seed>	1	</seed>
		<transform>
			<row0>	0.199281 0.000000 -0.274285	</row0>
			<row1>	0.000000 0.339035 0.000000	</row1>
			<row2>	0.274285 0.000000 0.199281	</row2>
			<row3>	53.882786 78.546875 52.734222	</row3>
		</transform>
		<reflectionVisible>	false	</reflectionVisible>
	</speedtree>
	<speedtree>
		<spt>	speedtree/Conifers/italian_cypress/ItalianCypress_RT.spt	</spt>
		<seed>	1	</seed>
		<transform>
			<row0>	0.280607 0.000000 -0.227230	</row0>
			<row1>	0.000000 0.361073 0.000000	</row1>
			<row2>	0.227230 0.000000 0.280607	</row2>
			<row3>	62.988659 77.257813 45.349091	</row3>
		</transform>
		<reflectionVisible>	false	</reflectionVisible>
	</speedtree>
	<speedtree>
		<spt>	speedtree/Conifers/italian_cypress/ItalianCypress_RT.spt	</spt>
		<seed>	1	</seed>
		<transform>
			<row0>	0.212234 0.000000 -0.292114	</row0>
			<row1>	0.000000 0.361073 0.000000	</row1>
			<row2>	0.292114 0.000000 0.212234	</row2>
			<row3>	50.791477 76.500000 43.963989	</row3>
		</transform>
		<reflectionVisible>	false	</reflectionVisible>
	</speedtree>
	<speedtree>
		<spt>	speedtree/Conifers/italian_cypress/ItalianCypress_RT.spt	</spt>
		<seed>	1	</seed>
		<transform>
			<row0>	0.146861 0.000000 0.329857	</row0>
			<row1>	0.000000 0.361073 0.000000	</row1>
			<row2>	-0.329857 0.000000 0.146861	</row2>
			<row3>	76.591705 85.355728 64.052765	</row3>
		</transform>
		<reflectionVisible>	false	</reflectionVisible>
	</speedtree>
	<model>
		<resource>	sets/temperate/props/woodpile.model	</resource>
		<transform>
			<row0>	1.000000 0.000000 0.000000	</row0>
			<row1>	0.000000 1.000000 0.000000	</row1>
			<row2>	0.000000 0.000000 1.000000	</row2>
			<row3>	88.710800 81.523438 14.644135	</row3>
		</transform>
		<reflectionVisible>	false	</reflectionVisible>
	</model>
	<model>
		<resource>	sets/temperate/props/woodpile.model	</resource>
		<transform>
			<row0>	1.000000 0.000000 0.000000	</row0>
			<row1>	0.000000 1.000000 0.000000	</row1>
			<row2>	0.000000 0.000000 1.000000	</row2>
			<row3>	86.106529 80.000000 35.833817	</row3>
		</transform>
		<reflectionVisible>	false	</reflectionVisible>
	</model>
	<model>
		<resource>	sets/temperate/props/woodpile.model	</resource>
		<transform>
			<row0>	-0.000000 0.000000 -1.000000	</row0>
			<row1>	0.000000 1.000000 0.000000	</row1>
			<row2>	1.000000 0.000000 -0.000000	</row2>
			<row3>	56.088646 69.101563 21.719482	</row3>
		</transform>
		<reflectionVisible>	false	</reflectionVisible>
	</model>
	<speedtree>
		<spt>	speedtree/Conifers/italian_cypress/ItalianCypress_RT.spt	</spt>
		<seed>	1	</seed>
		<transform>
			<row0>	0.053036 0.000000 0.334862	</row0>
			<row1>	0.000000 0.339035 0.000000	</row1>
			<row2>	-0.334862 0.000000 0.053036	</row2>
			<row3>	48.718704 74.404846 34.809906	</row3>
		</transform>
		<reflectionVisible>	false	</reflectionVisible>
	</speedtree>
	<speedtree>
		<spt>	speedtree/Conifers/italian_cypress/ItalianCypress_RT.spt	</spt>
		<seed>	1	</seed>
		<transform>
			<row0>	-0.263481 0.000000 0.213362	</row0>
			<row1>	0.000000 0.339035 0.000000	</row1>
			<row2>	-0.213362 0.000000 -0.263481	</row2>
			<row3>	66.219559 79.500763 53.022049	</row3>
		</transform>
		<reflectionVisible>	false	</reflectionVisible>
	</speedtree>
	<speedtree>
		<spt>	speedtree/shrubs_flowers/cinnamon_fern/CinnamonFern_RT.spt	</spt>
		<seed>	1	</seed>
		<transform>
			<row0>	0.244879 0.048478 0.121966	</row0>
			<row1>	-0.024230 0.270446 -0.058847	</row1>
			<row2>	-0.128991 0.041230 0.242595	</row2>
			<row3>	12.993851 87.884262 99.632431	</row3>
		</transform>
		<reflectionVisible>	false	</reflectionVisible>
	</speedtree>
	<speedtree>
		<spt>	speedtree/Conifers/italian_cypress/ItalianCypress_RT.spt	</spt>
		<seed>	1	</seed>
		<transform>
			<row0>	0.292114 0.000000 0.212234	</row0>
			<row1>	0.000000 0.361073 0.000000	</row1>
			<row2>	-0.212234 0.000000 0.292114	</row2>
			<row3>	55.995300 88.383934 89.350952	</row3>
		</transform>
		<reflectionVisible>	false	</reflectionVisible>
	</speedtree>
	<speedtree>
		<spt>	speedtree/shrubs_flowers/boston_fern/BostonFern_RT.spt	</spt>
		<seed>	1	</seed>
		<transform>
			<row0>	-0.080152 -0.081136 -0.275111	</row0>
			<row1>	-0.025672 0.286534 -0.077026	</row1>
			<row2>	0.285675 0.002985 -0.084110	</row2>
			<row3>	62.480965 82.420410 66.637344	</row3>
		</transform>
		<reflectionVisible>	false	</reflectionVisible>
	</speedtree>
	<speedtree>
		<spt>	speedtree/shrubs_flowers/boston_fern/BostonFern_RT.spt	</spt>
		<seed>	1	</seed>
		<transform>
			<row0>	-0.263383 0.057808 0.140081	</row0>
			<row1>	-0.007063 0.275901 -0.127137	</row1>
			<row2>	-0.151376 -0.113454 -0.237799	</row2>
			<row3>	65.771797 83.717537 70.081985	</row3>
		</transform>
		<reflectionVisible>	false	</reflectionVisible>
	</speedtree>
	<speedtree>
		<spt>	speedtree/shrubs_flowers/boston_fern/BostonFern_RT.spt	</spt>
		<seed>	1	</seed>
		<transform>
			<row0>	-0.304786 -0.102345 -0.136173	</row0>
			<row1>	-0.102341 0.333142 -0.021322	</row1>
			<row2>	0.136176 0.021301 -0.320803	</row2>
			<row3>	66.469223 81.203705 57.880615	</row3>
		</transform>
		<reflectionVisible>	false	</reflectionVisible>
	</speedtree>
	<speedtree>
		<spt>	speedtree/shrubs_flowers/boston_fern/BostonFern_RT.spt	</spt>
		<seed>	1	</seed>
		<transform>
			<row0>	0.017758 0.049719 0.249544	</row0>
			<row1>	-0.068132 0.241946 -0.043357	</row1>
			<row2>	-0.245157 -0.063638 0.030125	</row2>
			<row3>	69.406204 82.522552 62.487534	</row3>
		</transform>
		<reflectionVisible>	false	</reflectionVisible>
	</speedtree>
	<speedtree>
		<spt>	speedtree/shrubs_flowers/boston_fern/BostonFern_RT.spt	</spt>
		<seed>	1	</seed>
		<transform>
			<row0>	-0.254965 -0.084734 -0.250405	</row0>
			<row1>	-0.107819 0.350976 -0.008983	</row1>
			<row2>	0.241366 0.067274 -0.268526	</row2>
			<row3>	72.692276 83.999290 66.336868	</row3>
		</transform>
		<reflectionVisible>	false	</reflectionVisible>
	</speedtree>
	<speedtree>
		<spt>	speedtree/shrubs_flowers/boston_fern/BostonFern_RT.spt	</spt>
		<seed>	1	</seed>
		<transform>
			<row0>	-0.283943 -0.119215 -0.056530	</row0>
			<row1>	-0.121822 0.288405 0.003688	</row1>
			<row2>	0.050667 0.025340 -0.307932	</row2>
			<row3>	75.468750 85.383385 69.110443	</row3>
		</transform>
		<reflectionVisible>	false	</reflectionVisible>
	</speedtree>
	<speedtree>
		<spt>	speedtree/shrubs_flowers/boston_fern/BostonFern_RT.spt	</spt>
		<seed>	1	</seed>
		<transform>
			<row0>	0.241769 0.063134 0.048556	</row0>
			<row1>	-0.063108 0.246523 -0.006312	</row1>
			<row2>	-0.048590 -0.006043 0.249797	</row2>
			<row3>	77.670120 85.918900 71.302673	</row3>
		</transform>
		<reflectionVisible>	false	</reflectionVisible>
	</speedtree>
	<speedtree>
		<spt>	speedtree/shrubs_flowers/cinnamon_fern/CinnamonFern_RT.spt	</spt>
		<seed>	1	</seed>
		<transform>
			<row0>	-0.276507 -0.053993 0.063560	</row0>
			<row1>	-0.071635 0.266474 -0.085273	</row1>
			<row2>	-0.042702 -0.097406 -0.268515	</row2>
			<row3>	66.164734 78.125092 48.000031	</row3>
		</transform>
		<reflectionVisible>	false	</reflectionVisible>
	</speedtree>
	<speedtree>
		<spt>	speedtree/shrubs_flowers/cinnamon_fern/CinnamonFern_RT.spt	</spt>
		<seed>	1	</seed>
		<transform>
			<row0>	0.036361 0.072400 0.355264	</row0>
			<row1>	-0.040960 0.355581 -0.068272	</row1>
			<row2>	-0.360245 -0.033122 0.043621	</row2>
			<row3>	55.394127 81.835037 66.060638	</row3>
		</transform>
		<reflectionVisible>	false	</reflectionVisible>
	</speedtree>
	<speedtree>
		<spt>	speedtree/shrubs_flowers/cinnamon_fern/CinnamonFern_RT.spt	</spt>
		<seed>	1	</seed>
		<transform>
			<row0>	0.110127 0.059995 0.256380	</row0>
			<row1>	0.014136 0.276154 -0.070694	</row1>
			<row2>	-0.262927 0.039976 0.103584	</row2>
			<row3>	31.173256 81.703423 69.294922	</row3>
		</transform>
		<reflectionVisible>	false	</reflectionVisible>
	</speedtree>
	<speedtree>
		<spt>	speedtree/shrubs_flowers/cinnamon_fern/CinnamonFern_RT.spt	</spt>
		<seed>	1	</seed>
		<transform>
