<locations.xml>
	<bookmark>
		<name>	Dungeon Enterance	</name>
		<view>
			<row0>	0.441682 0.213246 0.871460	</row0>
			<row1>	-0.000000 0.971342 -0.237686	</row1>
			<row2>	-0.897172 0.104982 0.429024	</row2>
			<row3>	-276.453552 -227.772293 -224.389465	</row3>
		</view>
	</bookmark>
	<bookmark>
		<name>	RiverBed	</name>
		<view>
			<row0>	0.064385 -0.294907 -0.953354	</row0>
			<row1>	0.000000 0.955337 -0.295520	</row1>
			<row2>	0.997925 0.019027 0.061509	</row2>
			<row3>	398.274780 117.102493 828.523865	</row3>
		</view>
	</bookmark>
	<bookmark>
		<name>	spawn01	</name>
		<view>
			<row0>	0.245091 -0.289838 -0.925162	</row0>
			<row1>	-0.000000 0.954267 -0.298956	</row1>
			<row2>	0.969500 0.073271 0.233882	</row2>
			<row3>	-16.182232 -10.971983 681.283386	</row3>
		</view>
	</bookmark>
	<bookmark>
		<name>	spawn02	</name>
		<view>
			<row0>	0.631878 0.103240 0.768161	</row0>
			<row1>	0.000000 0.991089 -0.133202	</row1>
			<row2>	-0.775068 0.084167 0.626248	</row2>
			<row3>	-349.744843 -188.267960 -203.875137	</row3>
		</view>
	</bookmark>
	<bookmark>
		<name>	spawn03	</name>
		<view>
			<row0>	0.998587 -0.004438 -0.052966	</row0>
			<row1>	0.000000 0.996508 -0.083501	</row1>
			<row2>	0.053152 0.083383 0.995099	</row2>
			<row3>	-215.290588 -218.487076 -52.892899	</row3>
		</view>
	</bookmark>
	<bookmark>
		<name>	spawn04	</name>
		<view>
			<row0>	-0.995161 -0.016003 -0.096944	</row0>
			<row1>	0.000000 0.986648 -0.162870	</row1>
			<row2>	0.098256 -0.162082 -0.981874	</row2>
			<row3>	-4.989679 -108.750671 -190.423569	</row3>
		</view>
	</bookmark>
	<bookmark>
		<name>	Village on plateau	</name>
		<view>
			<row0>	-0.889393 0.304854 0.340651	</row0>
			<row1>	0.000000 0.745175 -0.666869	</row1>
			<row2>	-0.457142 -0.593109 -0.662753	</row2>
			<row3>	450.587646 -406.529510 -48.893810	</row3>
		</view>
	</bookmark>
	<bookmark>
		<name>	Castle Entrance	</name>
		<view>
			<row0>	-0.683376 -0.187686 0.705530	</row0>
			<row1>	0.000000 0.966390 0.257081	</row1>
			<row2>	-0.730067 0.175683 -0.660408	</row2>
			<row3>	339.619476 -76.340508 -530.524536	</row3>
		</view>
	</bookmark>
	<bookmark>
		<name>	Path01	</name>
		<view>
			<row0>	-0.998294 0.021113 0.054435	</row0>
			<row1>	0.000000 0.932327 -0.361615	</row1>
			<row2>	-0.058386 -0.360999 -0.930737	</row2>
			<row3>	491.030029 -242.063110 -48.635807	</row3>
		</view>
	</bookmark>
	<bookmark>
		<name>	Overhead view	</name>
		<view>
			<row0>	-0.957780 0.284238 0.043190	</row0>
			<row1>	-0.000000 0.150226 -0.988652	</row1>
			<row2>	-0.287501 -0.946911 -0.143884	</row2>
			<row3>	301.872742 -19.701202 1856.559082	</row3>
		</view>
	</bookmark>
	<bookmark>
		<name>	TREE	</name>
		<view>
			<row0>	-0.984688 0.064661 -0.161891	</row0>
			<row1>	0.000000 0.928664 0.370921	</row1>
			<row2>	0.174327 0.365241 -0.914445	</row2>
			<row3>	586.069763 -209.784363 -46.847828	</row3>
		</view>
	</bookmark>
	<bookmark>
		<name>	Waterfall	</name>
		<view>
			<row0>	0.694105 0.205850 0.689815	</row0>
			<row1>	0.000000 0.958244 -0.285952	</row1>
			<row2>	-0.719874 0.198481 0.665121	</row2>
			<row3>	-403.369446 -92.694077 -8.542269	</row3>
		</view>
	</bookmark>
</locations.xml>
